1|{0: [4, 20, 11], 4: [0, 2, 34, 35], 20: [0, 3, 34, 35], 2: [4, 34, 35, 6, 10], 34: [2, 4, 20], 35: [2, 4, 20], 3: [15, 16, 20, 32, 10], 15: [3, 16, 32], 16: [3, 15, 10], 32: [3, 11, 15], 6: [30, 46, 10, 44, 2], 30: [6, 11, 44], 46: [6, 44, 11], 11: [32, 0, 46, 30], 44: [46, 6, 30], 10: [16, 3, 6, 2]}
2|{0: [18, 20, 13], 18: [0, 20, 25, 13], 1: [6, 11, 16, 25], 6: [1, 16, 23], 11: [1, 32, 35, 36, 39], 16: [1, 6, 23], 25: [1, 18, 20], 23: [6, 16, 20], 32: [11, 12, 13], 35: [11, 13, 47], 12: [13, 32, 44, 36], 13: [12, 35, 18, 0, 32], 44: [12, 45, 46], 20: [18, 23, 0, 25], 36: [39, 45, 11, 12], 39: [36, 11, 47], 45: [36, 44, 46], 46: [44, 47, 45], 47: [46, 39, 35]}
3|{0: [5, 44, 42], 5: [0, 27, 44, 1], 44: [0, 1, 5, 30], 1: [44, 41, 27, 5, 30, 34, 42], 27: [5, 42, 1, 41], 42: [27, 1, 0, 41], 41: [1, 27, 34, 42], 30: [44, 1, 34], 34: [41, 1, 30]}
4|{5: [8, 6, 16], 8: [5, 11, 15, 14, 10], 6: [15, 21, 5], 15: [6, 8, 19], 21: [6, 19, 16], 11: [8, 19, 16], 10: [18, 29, 14, 8], 18: [10, 14, 29], 29: [10, 14, 18], 19: [11, 15, 21], 14: [18, 29, 8, 10], 16: [11, 21, 5]}
5|{5: [12, 13, 6], 12: [5, 6, 13], 6: [12, 13, 5], 13: [12, 5, 6]}
6|{1: [9, 28, 46, 47, 3], 9: [1, 5, 6, 7, 36, 37], 28: [1, 5, 26], 46: [1, 6, 16], 47: [1, 4, 21], 2: [5, 38, 8, 36], 5: [2, 9, 10, 28, 31, 36, 37, 23, 26], 38: [2, 8, 37], 3: [6, 16, 40, 1], 6: [3, 7, 9, 46, 16], 16: [3, 46, 6], 4: [7, 10, 47, 40, 53, 56], 7: [4, 6, 9, 40], 10: [4, 5, 53, 26, 56], 31: [5, 23, 26], 36: [5, 9, 2], 37: [5, 8, 38, 9], 8: [37, 38, 2], 53: [10, 56, 4, 21], 23: [31, 21, 5], 26: [31, 10, 28, 5], 56: [53, 10, 4], 21: [23, 47, 53], 40: [7, 3, 4]}
7|{2: [11, 3, 5], 11: [2, 12, 16, 35, 5, 10, 9], 4: [57, 35, 10], 57: [4, 55, 58], 9: [55, 11, 5, 58, 3], 55: [9, 57, 58, 35], 12: [11, 3, 10], 16: [11, 3, 35], 35: [11, 4, 55, 16], 58: [55, 57, 9], 3: [2, 16, 12, 9], 10: [12, 11, 4], 5: [11, 9, 2]}
8|{0: [7, 42, 6, 55], 7: [0, 42, 55], 3: [6, 9, 63, 8, 26], 6: [3, 26, 0], 9: [3, 5, 8, 64], 63: [3, 58, 64], 5: [8, 9, 58, 64], 8: [5, 22, 3, 9, 58, 59], 58: [5, 59, 63, 8], 64: [5, 63, 9, 59], 42: [7, 0, 55], 55: [7, 29, 26, 0, 42, 59], 22: [26, 8, 29], 26: [22, 29, 3, 55, 6], 29: [26, 22, 55], 59: [58, 8, 55, 64]}
9|{3: [5, 13, 28], 5: [3, 6, 10], 13: [3, 28, 6, 25], 6: [5, 10, 13, 8], 10: [5, 6, 8], 9: [14, 62, 19], 14: [9, 28, 39, 61, 62], 62: [9, 14, 28], 28: [14, 25, 39, 13, 62, 3], 39: [14, 44, 54, 56, 28, 4], 61: [14, 19, 53], 19: [54, 61, 9], 54: [19, 39, 53], 44: [39, 56, 53, 4], 56: [39, 44, 4], 53: [54, 44, 61], 4: [56, 44, 39], 25: [28, 8, 13], 8: [25, 6, 10]}
10|{4: [45, 32, 24, 26], 45: [4, 35, 24], 22: [23, 26, 24], 23: [22, 24, 34, 26], 26: [22, 23, 4], 24: [23, 45, 22, 4], 34: [23, 32, 35], 32: [34, 35, 4], 35: [32, 45, 34]}
11|{2: [41, 57, 11, 29], 41: [2, 11, 29], 57: [2, 9, 4], 4: [9, 57, 11], 9: [4, 57, 29], 29: [9, 2, 41], 11: [41, 2, 4]}
12|{0: [1, 3, 4, 74, 81, 6], 1: [0, 4, 7, 59, 74, 13, 14], 3: [0, 4, 13, 6], 4: [0, 1, 3, 83], 74: [0, 1, 7], 81: [0, 61, 83, 60], 7: [1, 73, 74, 13], 59: [1, 73, 83], 13: [3, 1, 7, 14, 64, 6], 6: [57, 3, 0, 13], 57: [6, 60, 64], 73: [7, 59, 14, 64, 83], 60: [57, 61, 81], 83: [59, 61, 81, 73, 4], 61: [60, 81, 83, 64], 14: [73, 13, 1], 64: [73, 13, 57, 61]}
13|{0: [14, 29, 1], 14: [0, 5, 9], 5: [14, 9, 29], 29: [0, 5, 1], 9: [5, 1, 14], 1: [9, 0, 29]}
14|{0: [1, 70, 77], 1: [0, 7, 14, 4], 70: [0, 3, 77], 7: [1, 9, 6], 14: [1, 6, 9, 46, 47], 3: [70, 77, 32], 77: [3, 0, 70], 4: [45, 65, 66, 9, 1, 68], 45: [4, 47, 46], 65: [4, 66, 69], 66: [4, 65, 68, 69], 6: [9, 14, 32, 7], 9: [6, 7, 14, 32, 4], 32: [9, 6, 3], 46: [14, 47, 45], 47: [14, 45, 46], 68: [66, 4, 69], 69: [66, 65, 68]}
15|{0: [13, 36, 65], 13: [0, 52, 65, 56, 5], 2: [52, 65, 11], 52: [2, 12, 13], 5: [12, 30, 77, 13], 12: [5, 52, 11], 30: [5, 7, 28, 29, 36, 56, 81], 7: [30, 33, 86], 33: [7, 32, 80], 86: [7, 85, 32], 8: [11, 36, 28], 11: [8, 2, 12], 36: [8, 30, 80, 0], 27: [28, 56, 77], 28: [27, 30, 8, 29], 56: [27, 30, 13], 77: [27, 80, 5], 29: [30, 85, 28], 81: [30, 85, 32], 32: [33, 86, 81], 80: [33, 77, 36], 85: [81, 86, 29], 65: [13, 0, 2]}
16|{2: [35, 44, 68, 86], 35: [2, 6, 43], 44: [2, 6, 68, 59], 68: [2, 44, 76], 6: [8, 35, 43, 44, 55, 60, 86], 8: [6, 17, 83, 13], 43: [6, 17, 35, 86], 55: [6, 56, 58, 47], 60: [6, 59, 52], 17: [8, 43, 84, 53], 83: [8, 9, 82], 9: [83, 13, 82], 84: [17, 13, 82], 86: [43, 6, 2], 47: [58, 76, 55], 58: [47, 55, 59], 52: [53, 56, 60], 53: [52, 56, 76, 17], 56: [52, 53, 55], 59: [58, 60, 44], 76: [68, 47, 53], 82: [83, 9, 84], 13: [9, 84, 8]}
17|{4: [14, 0, 22, 71], 14: [4, 71, 0], 71: [14, 19, 22, 4], 19: [22, 71, 0], 22: [19, 71, 4, 0], 0: [4, 14, 19, 22]}
18|{0: [89, 17, 46], 89: [0, 17, 46], 17: [46, 89, 0], 46: [17, 89, 0]}
19|{4: [5, 17, 86], 5: [4, 45, 86, 46, 17, 25], 17: [4, 15, 9, 5], 86: [4, 5, 25], 45: [5, 15, 46], 15: [17, 45, 46, 9, 25], 46: [15, 45, 5], 25: [86, 9, 5, 15], 9: [15, 17, 25]}
20|{3: [8, 18, 19, 45, 53, 9], 8: [3, 18, 22, 37], 18: [3, 8, 11, 20, 33], 19: [3, 11, 47, 9], 45: [3, 37, 53], 53: [3, 55, 56, 45], 22: [8, 56, 20, 9, 39], 11: [18, 19, 33, 47], 33: [11, 47, 18], 47: [11, 19, 33], 20: [39, 22, 18], 39: [20, 37, 22], 56: [22, 53, 55], 37: [39, 55, 8, 45], 55: [37, 53, 56], 9: [3, 22, 19]}
21|{0: [97, 5, 15], 97: [0, 75, 5], 2: [65, 6, 7], 65: [2, 6, 7, 92], 6: [7, 8, 15, 36, 65, 2, 78], 7: [6, 65, 92, 8, 2, 5], 8: [6, 36, 21, 7], 15: [6, 12, 23, 24, 28, 36, 0], 36: [6, 15, 8], 92: [7, 65, 5], 12: [15, 21, 78], 23: [15, 75, 78], 24: [15, 28, 78, 5, 21], 28: [24, 75, 5, 15], 78: [24, 12, 23, 6], 75: [28, 97, 23], 21: [12, 24, 8], 5: [24, 28, 92, 0, 97, 7]}
22|{1: [2, 3, 9, 23, 4], 2: [1, 4, 23, 3, 10], 3: [1, 2, 10], 9: [1, 10, 23], 23: [1, 9, 4, 2], 4: [2, 23, 10, 1], 10: [9, 4, 2, 3]}
23|{0: [1, 16, 10, 5, 22, 12], 1: [0, 7, 9], 16: [0, 7, 22, 9], 7: [1, 12, 16, 5], 9: [1, 16, 10], 10: [0, 9, 22], 12: [7, 5, 0], 5: [12, 0, 7], 22: [16, 0, 10]}
24|{2: [19, 77, 80, 100], 19: [2, 18, 106], 77: [2, 74, 100], 80: [2, 75, 100], 15: [27, 31, 35, 60, 94, 58], 27: [15, 106, 31], 31: [15, 106, 27], 35: [15, 18, 29, 34], 60: [15, 63, 58], 18: [19, 35, 73, 69, 72], 73: [18, 72, 75], 20: [22, 23, 29], 22: [20, 23, 94], 23: [20, 34, 22], 34: [23, 33, 35], 106: [27, 31, 33, 19, 94], 29: [33, 35, 20], 33: [29, 34, 106], 63: [60, 62, 66], 62: [63, 65, 58], 65: [62, 68, 66], 66: [63, 67, 65], 68: [65, 67, 69], 67: [66, 68, 69], 69: [67, 68, 18], 72: [73, 74, 18], 74: [72, 75, 77], 75: [73, 74, 80], 100: [80, 77, 2], 94: [15, 106, 22], 58: [15, 60, 62]}
25|{8: [28, 38, 31], 28: [8, 31, 38], 38: [8, 16, 36, 90, 28], 16: [34, 38, 90], 34: [16, 36, 20], 90: [16, 38, 20], 36: [38, 34, 31, 20], 20: [90, 34, 36], 31: [28, 36, 8]}
26|{0: [11, 28, 69, 38], 11: [0, 28, 38, 92], 28: [0, 11, 38, 18, 69, 36], 3: [45, 23, 108], 45: [3, 70, 22, 106, 43], 38: [11, 12, 28, 64, 0], 92: [11, 47, 52], 12: [38, 52, 91], 52: [12, 47, 92], 91: [12, 64, 40], 18: [47, 40, 28], 47: [18, 52, 92], 22: [108, 45, 70], 108: [22, 23, 3], 23: [108, 3, 66], 31: [70, 106, 39, 60, 36], 70: [31, 45, 106, 36, 22], 33: [69, 43, 60], 69: [33, 43, 66, 0, 28], 43: [66, 69, 33, 39, 45], 66: [43, 69, 23], 64: [91, 40, 38], 106: [70, 45, 31], 40: [18, 91, 64], 39: [43, 31, 60], 60: [39, 31, 33], 36: [31, 70, 28]}
27|{}
28|{4: [84, 85, 14], 84: [4, 41, 83, 14], 85: [4, 30, 111, 23], 6: [8, 30, 111], 8: [6, 11, 38, 64, 75, 77, 70, 23], 30: [6, 85, 111], 111: [6, 30, 85, 14], 11: [8, 67, 70, 71, 23], 38: [8, 64, 74], 64: [8, 38, 45], 75: [8, 80, 77], 77: [8, 78, 75], 67: [11, 69, 70], 70: [11, 8, 67], 14: [41, 109, 42, 111, 84, 4], 41: [14, 84, 45], 109: [14, 42, 43], 42: [43, 109, 14], 43: [42, 109, 45], 69: [67, 71, 74], 71: [69, 74, 11], 74: [71, 69, 38], 80: [75, 78, 83], 78: [77, 83, 80], 83: [78, 84, 80], 23: [85, 8, 11], 45: [43, 41, 64]}
29|{1: [19, 22, 25], 19: [1, 22, 58, 25], 22: [1, 19, 25], 25: [1, 22, 26, 87, 91, 19, 6], 2: [3, 14, 17, 41, 43, 4, 13, 87, 11], 3: [2, 6, 41, 14], 14: [2, 6, 3], 17: [2, 41, 54, 91], 41: [2, 3, 17, 40, 42, 92, 12], 43: [2, 8, 26, 40], 6: [3, 27, 108, 9, 14, 32, 25], 4: [32, 9, 2, 87], 32: [4, 87, 6], 27: [6, 108, 9], 108: [6, 9, 27], 8: [16, 43, 87, 42, 48, 12, 71], 16: [8, 71, 76], 87: [8, 25, 26, 48, 32, 4, 2], 9: [108, 6, 4, 27], 11: [34, 54, 2], 34: [11, 92, 42], 54: [11, 17, 93, 13], 13: [93, 2, 54], 93: [13, 54, 42], 71: [16, 58, 8], 76: [16, 12, 92], 91: [17, 92, 25], 26: [25, 43, 87], 92: [34, 41, 91, 58, 76, 12], 40: [41, 43, 42, 48], 42: [41, 34, 40, 8, 93], 48: [87, 40, 8], 58: [71, 19, 92], 12: [76, 8, 41, 92]}
30|{0: [9, 23, 70], 9: [0, 70, 16], 70: [9, 15, 73, 92, 0, 16, 95], 15: [70, 16, 97], 16: [97, 70, 9, 15, 23, 66], 97: [16, 92, 15], 23: [96, 0, 73, 16, 66], 96: [23, 95, 92], 66: [92, 16, 23], 92: [66, 70, 96, 97], 73: [70, 95, 23], 95: [96, 73, 70]}
31|{5: [11, 29, 6], 11: [5, 14, 23], 29: [5, 6, 14], 6: [29, 5, 77], 14: [11, 23, 29, 52, 77], 23: [11, 14, 52, 85, 64, 63], 13: [20, 81, 15], 20: [13, 59, 41], 52: [14, 77, 23], 15: [42, 37, 13], 42: [15, 37, 41, 34, 63], 59: [20, 63, 85], 34: [37, 42, 41], 37: [34, 42, 99, 15], 41: [42, 99, 20, 34], 77: [52, 14, 6], 63: [59, 64, 81, 42, 23], 85: [59, 23, 81], 64: [63, 99, 23], 81: [63, 13, 85], 99: [37, 41, 64]}
32|{1: [118, 29, 55], 118: [1, 10, 25], 4: [79, 119, 116], 79: [4, 23, 77, 125], 119: [4, 17, 55], 5: [56, 65, 10, 77], 56: [5, 10, 23], 65: [5, 57, 125], 10: [23, 56, 57, 118, 5, 25, 116, 77], 23: [10, 56, 57, 79], 57: [10, 23, 65], 17: [68, 119, 29], 68: [17, 29, 55], 25: [116, 118, 10, 125], 116: [25, 10, 4], 29: [68, 1, 17], 55: [68, 119, 1], 125: [25, 65, 79], 77: [5, 79, 10]}
33|{0: [32, 41, 121, 40, 20, 25, 33, 119], 32: [0, 33, 119], 41: [0, 2, 3, 37, 67, 97], 121: [0, 2, 34, 51], 2: [7, 8, 34, 37, 40, 41, 121], 7: [2, 6, 8], 8: [2, 7, 9, 28], 34: [2, 28, 121, 9], 37: [2, 3, 41, 67], 40: [2, 0, 20], 3: [37, 41, 67, 97, 15], 67: [3, 15, 37, 41], 6: [7, 9, 25], 9: [6, 8, 10, 25, 28, 54, 34], 25: [6, 9, 18, 19, 20, 54, 10, 0], 28: [8, 9, 34], 10: [9, 20, 25], 54: [9, 18, 25, 93], 20: [10, 25, 0, 40], 15: [67, 3, 17], 17: [18, 93, 43, 15], 18: [17, 19, 25, 54, 93], 93: [17, 18, 54], 19: [18, 25, 43], 33: [32, 51, 0], 51: [121, 43, 33], 43: [51, 17, 19], 97: [3, 119, 41], 119: [97, 32, 0]}
34|{0: [26, 41, 83, 84, 13], 26: [0, 97, 126, 11], 41: [0, 126, 84], 83: [0, 37, 75], 1: [37, 3, 31, 6], 37: [1, 83, 3, 6], 6: [75, 84, 104, 110, 37, 18, 1, 13, 94], 75: [6, 29, 3, 83], 84: [6, 0, 41], 104: [6, 73, 103, 106, 110], 110: [6, 104, 107, 109], 8: [10, 13, 115, 94], 10: [8, 19, 96, 115, 100, 23], 13: [8, 97, 100, 0, 6], 115: [8, 10, 23], 19: [10, 11, 126, 18, 22], 96: [10, 97, 11], 11: [19, 126, 96, 26], 126: [11, 19, 41, 26], 97: [13, 96, 26, 100], 100: [13, 10, 97], 18: [22, 106, 45, 31, 19, 6], 22: [18, 102, 19], 106: [18, 103, 104, 102], 29: [75, 45, 73], 73: [103, 104, 29], 103: [73, 102, 104, 106, 109], 94: [111, 6, 8], 111: [94, 107, 23], 102: [103, 106, 22], 109: [103, 107, 110], 107: [109, 110, 111], 3: [1, 75, 37], 31: [1, 45, 18], 45: [18, 31, 29], 23: [111, 115, 10]}
35|{4: [6, 72, 127], 6: [4, 10, 58, 127, 100], 72: [4, 73, 1], 5: [10, 73, 68], 10: [5, 6, 100, 12, 58], 58: [6, 10, 1], 127: [6, 15, 4], 100: [10, 6, 94], 12: [15, 94, 1, 10], 15: [12, 94, 127, 1], 94: [12, 15, 100], 73: [72, 68, 5], 1: [12, 15, 68, 58, 72], 68: [1, 73, 5]}
36|{0: [24, 16, 7], 24: [0, 1, 6, 7], 1: [2, 6, 24], 2: [1, 9, 18, 21, 97, 7, 20, 12, 23], 6: [1, 24, 31, 44], 9: [2, 5, 20, 23, 28, 108], 18: [2, 75, 61, 29], 21: [2, 97, 94, 126], 97: [2, 94, 21, 126], 5: [9, 28, 86, 61], 31: [6, 110, 44, 37], 7: [24, 110, 2, 43, 16, 0], 110: [7, 31, 43], 20: [9, 86, 2, 23], 23: [9, 75, 2, 29, 86, 20], 28: [9, 5, 108], 12: [16, 2, 108], 16: [12, 7, 0], 75: [18, 29, 23], 86: [20, 5, 23], 29: [75, 18, 23], 37: [38, 43, 31], 38: [37, 108, 44], 108: [38, 12, 28, 61, 9], 94: [97, 126, 21], 126: [94, 97, 21], 44: [31, 38, 6], 43: [110, 7, 37], 61: [108, 18, 5]}
37|{6: [10, 68, 16], 10: [6, 5, 72, 2], 7: [14, 113, 21, 8], 14: [7, 8, 16, 32, 5, 50, 48, 22], 8: [14, 21, 12, 7], 12: [21, 22, 8], 21: [12, 22, 7, 8, 120], 16: [14, 15, 6], 15: [48, 50, 2, 16], 48: [15, 50, 14, 65], 50: [15, 48, 14], 22: [21, 32, 113, 12, 14, 120], 32: [22, 14, 113], 113: [22, 120, 7, 32], 65: [68, 72, 48], 68: [65, 6, 72], 72: [65, 10, 68], 120: [113, 22, 21], 5: [10, 14, 2], 2: [15, 10, 5]}
38|{1: [12, 48, 24, 34, 29], 12: [1, 24, 40, 61], 48: [1, 24, 29], 2: [21, 27, 35, 39, 13], 21: [2, 13, 40, 34, 61, 27], 27: [2, 67, 21], 35: [2, 16, 20, 39], 39: [2, 35, 147], 4: [8, 22, 31, 19, 25], 8: [4, 11, 31, 128], 22: [4, 11, 31], 31: [4, 8, 11, 129, 22], 11: [8, 10, 22, 31, 129], 128: [8, 10, 129], 10: [11, 36, 128, 100], 36: [10, 20, 25], 24: [12, 29, 40, 48, 1], 40: [12, 20, 21, 24, 29, 13], 61: [12, 29, 21, 34], 13: [21, 40, 16, 2], 16: [20, 35, 147, 13, 25], 20: [16, 25, 35, 36, 40, 67], 147: [16, 72, 39], 25: [20, 36, 19, 100, 16, 72, 4], 67: [20, 27, 72], 29: [24, 48, 61, 40, 1], 72: [67, 147, 25], 129: [128, 31, 11], 34: [1, 21, 61], 19: [25, 4, 100], 100: [25, 19, 10]}
39|{0: [6, 50, 68, 14], 6: [0, 9, 27, 44], 50: [0, 14, 22, 44], 68: [0, 21, 67, 99, 65], 2: [3, 22, 147, 140], 3: [2, 10, 16, 9, 22], 22: [2, 13, 50, 116, 136, 3, 146], 147: [2, 140, 146], 10: [3, 11, 104, 138, 146, 150, 151, 152], 16: [3, 95, 108, 116, 117, 127, 131, 69], 9: [6, 15, 3], 27: [6, 29, 28, 30, 45], 15: [9, 44, 13], 11: [10, 140, 134, 152], 104: [10, 103, 105], 138: [10, 150, 152], 146: [10, 147, 22], 150: [10, 134, 151, 105, 132, 138], 151: [10, 131, 132, 150], 140: [11, 147, 2], 13: [22, 59, 15, 54], 59: [13, 54, 58, 117], 14: [45, 50, 51, 53, 54, 65, 0], 45: [14, 44, 27], 51: [14, 52, 58, 65, 69], 53: [14, 52, 69], 54: [14, 59, 13], 65: [14, 51, 67, 68], 95: [16, 115, 78, 110], 108: [16, 21, 105, 110, 132], 116: [16, 22, 114, 115], 117: [16, 114, 115, 59, 58, 126], 127: [16, 126, 136], 131: [16, 151, 126], 21: [68, 74, 75, 99, 102, 108], 74: [21, 70, 77], 75: [21, 77, 78], 99: [21, 68, 70], 102: [21, 103, 105], 136: [22, 127, 134], 29: [27, 30, 28], 28: [30, 29, 27], 30: [28, 29, 27], 44: [45, 15, 6, 50], 52: [51, 53, 58, 69], 58: [51, 52, 59, 126, 117], 69: [51, 52, 53, 70, 81, 16, 115], 126: [58, 127, 117, 131], 67: [65, 68, 70], 70: [69, 74, 67, 99, 81], 81: [69, 70, 78], 77: [74, 75, 78], 78: [75, 77, 81, 95], 115: [95, 110, 114, 116, 117, 69], 103: [102, 104, 105], 105: [102, 103, 104, 150, 108], 110: [115, 95, 108], 114: [115, 116, 117], 132: [151, 108, 150], 134: [136, 150, 11], 152: [138, 11, 10]}
40|{2: [56, 161, 162, 39, 150, 27, 23, 32], 56: [2, 150, 27], 161: [2, 157, 162], 162: [2, 161, 23], 19: [117, 71, 31, 118], 117: [19, 82, 118], 23: [157, 163, 162, 39, 2, 158], 157: [23, 161, 163], 163: [23, 155, 157], 27: [32, 39, 54, 150, 71, 2, 56, 81], 32: [27, 71, 2, 31], 39: [27, 169, 2, 23], 54: [27, 31, 101], 150: [27, 56, 2], 31: [54, 101, 19, 32], 101: [31, 54, 82], 71: [32, 27, 19], 169: [39, 158, 155], 81: [82, 118, 27], 82: [81, 117, 101], 118: [81, 117, 19], 155: [163, 169, 158], 158: [169, 155, 23]}
41|{2: [48, 9, 91], 48: [2, 28, 90], 3: [4, 6, 9, 91], 4: [3, 5, 17, 9, 14], 5: [4, 14, 11], 17: [4, 11, 18], 9: [43, 62, 2, 4, 12, 3], 43: [9, 28, 62, 10], 62: [9, 43, 10], 10: [12, 62, 6, 43, 28], 12: [10, 9, 6], 11: [17, 18, 5], 14: [18, 4, 5], 18: [14, 17, 11], 28: [48, 43, 10, 90], 90: [48, 28, 91], 91: [2, 3, 90], 6: [3, 10, 12]}
42|{1: [31, 70, 83, 80, 38, 58, 69], 31: [1, 130, 69], 70: [1, 7, 16], 7: [16, 38, 69, 70, 75, 94, 105, 90, 140, 20, 97, 107, 60], 16: [7, 20, 70, 147, 148, 130, 33], 38: [7, 1, 83], 69: [7, 58, 80, 107, 144, 130, 95, 1, 31], 75: [7, 105, 68], 94: [7, 135, 41], 105: [7, 68, 75, 96, 140], 20: [16, 147, 148, 7], 147: [16, 20, 95], 148: [16, 20, 96], 33: [98, 16, 113], 98: [33, 89, 97], 41: [135, 94, 90], 135: [41, 94, 60], 58: [69, 80, 1], 80: [58, 69, 1], 61: [89, 113, 133], 89: [61, 98, 88], 113: [61, 114, 33], 133: [61, 88, 114], 68: [105, 140, 75], 140: [68, 7, 105], 107: [69, 144, 7], 144: [69, 83, 107], 88: [97, 133, 89], 97: [88, 98, 7], 95: [96, 147, 69], 96: [95, 148, 105], 114: [113, 60, 133], 83: [1, 144, 38], 90: [7, 60, 41], 130: [16, 69, 31], 60: [90, 114, 135, 7]}
43|{2: [38, 60, 25, 70], 38: [2, 5, 41, 52], 60: [2, 24, 42, 43, 64, 72, 73, 52], 5: [39, 41, 38], 39: [5, 35, 41], 41: [5, 39, 38, 61], 19: [21, 72, 89], 21: [19, 73, 89], 72: [19, 60, 74], 73: [21, 60, 74], 89: [21, 42, 19], 24: [25, 42, 60, 61], 25: [24, 2, 35], 42: [24, 60, 89], 61: [24, 35, 45, 133, 166, 41], 29: [75, 129, 43], 75: [29, 32, 74, 121], 129: [29, 32, 121], 32: [75, 129, 192, 114], 192: [32, 45, 114], 35: [39, 61, 25], 43: [52, 60, 64, 29, 70], 52: [43, 60, 38], 64: [43, 60, 70], 45: [61, 192, 133, 74], 133: [61, 74, 166, 45], 74: [72, 75, 114, 133, 166, 73, 121, 45], 114: [74, 32, 192], 166: [74, 133, 61], 121: [129, 74, 75], 70: [64, 2, 43]}
44|{1: [50, 80, 192], 50: [1, 12, 48], 2: [6, 18, 21, 25, 186, 20], 6: [2, 21, 180, 96], 18: [2, 91, 94, 95, 96, 180, 192, 182, 13], 21: [2, 6, 20, 192], 25: [2, 20, 189], 186: [2, 7, 24], 180: [6, 15, 18, 94, 102, 108, 109, 144, 176, 112], 7: [71, 74, 91, 120, 181, 186, 37, 146, 114, 119], 71: [7, 113, 114], 74: [7, 117, 119], 91: [7, 12, 18, 24, 13], 120: [7, 67, 95], 181: [7, 24, 189], 8: [11, 170, 100], 11: [8, 100, 107, 192], 170: [8, 192, 100], 10: [12, 80, 192, 51, 37], 12: [10, 45, 50, 80, 91, 152, 172, 19, 139], 80: [10, 12, 1], 100: [11, 170, 8], 107: [11, 40, 192], 192: [11, 15, 18, 21, 47, 51, 165, 170, 172, 10, 1, 107], 45: [12, 48, 84], 152: [12, 16, 19, 22], 172: [12, 20, 192], 15: [96, 180, 192, 162, 40], 96: [15, 18, 6], 16: [22, 139, 152, 137], 22: [16, 56, 61, 63, 83, 152, 137], 139: [16, 137, 12], 94: [18, 95, 180, 182, 112], 95: [18, 94, 182, 120], 19: [84, 152, 12], 84: [19, 61, 45], 20: [21, 25, 172, 146, 2], 56: [22, 57, 90, 156, 157, 23], 61: [22, 83, 84, 85, 86], 63: [22, 83, 87], 83: [22, 61, 63], 23: [162, 56, 57], 162: [23, 165, 15], 24: [181, 186, 91], 189: [25, 146, 181], 37: [119, 7, 10], 119: [37, 74, 7], 40: [107, 144, 176, 15], 144: [40, 108, 180], 176: [40, 102, 180], 44: [89, 157, 48], 89: [44, 47, 90], 157: [44, 56, 156], 48: [45, 88, 44, 50], 47: [89, 90, 192], 90: [47, 56, 89], 88: [48, 57, 86], 51: [192, 10, 69], 57: [56, 88, 87, 23], 156: [56, 157, 165], 85: [61, 87, 86], 86: [61, 88, 85], 67: [113, 120, 69], 113: [67, 71, 115], 114: [71, 115, 7], 117: [74, 115, 69], 87: [85, 63, 57], 182: [94, 95, 18], 102: [176, 180, 13], 108: [109, 144, 180], 109: [108, 112, 180], 112: [109, 180, 94], 115: [113, 114, 117], 146: [189, 7, 20], 165: [156, 192, 162], 137: [16, 139, 22], 69: [67, 117, 51], 13: [91, 18, 102]}
45|{1: [60, 72, 64], 60: [1, 72, 196], 2: [33, 37, 45, 47, 151, 153, 162], 33: [2, 37, 66], 37: [2, 33, 69, 71, 140, 151, 9], 45: [2, 162, 170, 169, 163, 9], 47: [2, 9, 153, 161, 156, 162, 157, 30], 151: [2, 37, 152], 153: [2, 47, 152], 162: [2, 45, 73, 161, 163, 47], 9: [47, 140, 169, 45, 37, 170], 140: [9, 14, 37, 146, 143], 14: [140, 143, 66, 108], 143: [14, 144, 140], 18: [27, 34, 53], 27: [18, 72, 108, 194], 34: [18, 81, 76], 53: [18, 54, 72], 72: [27, 30, 53, 54, 60, 1], 108: [27, 54, 14], 194: [27, 64, 84], 30: [72, 47, 66], 66: [33, 120, 128, 123, 14, 69, 30], 69: [37, 71, 125, 127, 190, 66, 198], 71: [37, 69, 198], 170: [45, 169, 9], 161: [47, 162, 73], 54: [53, 72, 108], 64: [84, 194, 1], 84: [64, 86, 194], 120: [66, 118, 196], 128: [66, 122, 127], 125: [69, 127, 190, 121], 127: [69, 125, 128], 190: [69, 125, 119], 198: [71, 86, 81, 69], 73: [162, 161, 157], 76: [86, 81, 34], 86: [76, 84, 198], 118: [120, 122, 195], 122: [118, 123, 128], 195: [118, 119, 196], 119: [121, 195, 190], 121: [119, 123, 125], 196: [120, 195, 60], 123: [121, 122, 66], 146: [140, 144, 149], 144: [146, 149, 143], 149: [144, 146, 152], 152: [151, 153, 149], 156: [157, 163, 47], 157: [156, 73, 47], 163: [156, 162, 45], 169: [170, 9, 45], 81: [76, 34, 198]}
46|{3: [13, 63, 207, 58, 111], 13: [3, 153, 207, 211, 213, 190, 68], 63: [3, 41, 45, 67, 77, 110, 111, 129, 240, 116, 74, 103], 207: [3, 13, 67, 74, 118, 119, 211], 5: [68, 74, 118], 68: [5, 119, 13], 153: [13, 115, 154], 211: [13, 207, 213], 213: [13, 155, 211], 22: [97, 99, 220], 97: [22, 51, 96], 99: [22, 51, 98], 24: [156, 157, 51], 156: [24, 157, 101], 157: [24, 156, 58], 32: [51, 94, 95, 208], 51: [32, 97, 98, 99, 100, 129, 208, 95, 24, 58], 94: [32, 96, 95], 95: [32, 94, 51], 208: [32, 51, 58], 33: [167, 169, 74], 167: [33, 39, 203], 34: [49, 125, 42], 49: [34, 39, 53, 121, 125, 169, 42, 74], 125: [34, 42, 49], 39: [49, 58, 130, 190, 167], 58: [39, 116, 117, 130, 3, 208, 154, 157, 51], 130: [39, 58, 190], 41: [63, 220, 112, 77, 45], 220: [41, 105, 22], 42: [125, 34, 49], 45: [63, 105, 129, 240, 41], 105: [45, 104, 220], 129: [45, 51, 63], 53: [49, 121, 74, 203], 121: [49, 53, 74], 169: [49, 203, 33], 98: [51, 96, 99], 100: [51, 101, 103], 57: [104, 240, 101], 104: [57, 103, 105], 240: [57, 63, 45], 116: [58, 117, 63], 117: [58, 111, 116], 67: [63, 74, 207], 77: [63, 110, 41], 110: [63, 77, 115], 111: [63, 117, 3], 74: [67, 118, 121, 207, 5, 33, 63, 53, 49], 118: [74, 119, 207, 5], 96: [94, 98, 97], 101: [100, 57, 156], 103: [104, 100, 63], 115: [110, 112, 153], 112: [115, 155, 41], 155: [112, 154, 213], 119: [118, 207, 68], 154: [153, 155, 58], 203: [169, 167, 53], 190: [130, 39, 13]}
47|{4: [59, 60, 35], 59: [4, 102, 115], 60: [4, 35, 136, 226], 10: [11, 79, 99, 161], 11: [10, 77, 78, 94, 119], 79: [10, 45, 99], 77: [11, 102, 78], 78: [11, 77, 13], 94: [11, 102, 119], 13: [32, 106, 102, 78], 32: [13, 102, 63], 106: [13, 102, 161, 135, 45], 21: [235, 242, 35], 235: [21, 35, 225], 242: [21, 35, 199], 29: [136, 148, 37], 136: [29, 63, 60], 102: [32, 45, 59, 62, 77, 106, 94, 13, 56, 135], 35: [60, 203, 242, 4, 235, 21], 203: [35, 199, 223], 37: [62, 183, 148, 29], 62: [37, 102, 63], 183: [37, 148, 228], 45: [79, 99, 102, 106], 99: [45, 10, 79], 56: [191, 102, 205, 225], 191: [56, 208, 209], 115: [59, 223, 249, 228, 184, 224], 63: [136, 62, 32], 161: [106, 119, 10], 223: [115, 184, 215, 203], 249: [115, 248, 184], 135: [226, 102, 106], 226: [135, 224, 60], 148: [183, 29, 37], 184: [223, 224, 248, 115, 228, 249], 224: [184, 226, 213, 115], 248: [184, 216, 249], 208: [191, 205, 209], 209: [191, 208, 216], 199: [205, 242, 203], 205: [199, 208, 56], 213: [225, 215, 224], 225: [213, 235, 56], 215: [223, 216, 213], 216: [248, 215, 209], 119: [94, 11, 161], 228: [115, 183, 184]}
48|{0: [114, 183, 184], 114: [0, 242, 184], 183: [0, 184, 101], 184: [0, 183, 114], 3: [97, 108, 226], 97: [3, 15, 108, 112], 108: [3, 31, 97, 191, 206], 15: [97, 192, 206], 192: [15, 31, 208], 206: [15, 60, 72, 108, 208, 128, 84], 29: [242, 85, 57], 242: [29, 69, 114, 226], 31: [60, 100, 108, 116, 191, 192, 225, 226, 238, 72, 109, 215], 60: [31, 68, 119, 200, 206, 109, 118], 100: [31, 176, 177, 96], 116: [31, 119, 118], 191: [31, 108, 215], 225: [31, 121, 215], 226: [31, 65, 68, 69, 137, 242, 3], 238: [31, 177, 23], 34: [82, 84, 177, 112, 80], 82: [34, 80, 176], 84: [34, 112, 206], 177: [34, 100, 238], 44: [57, 68, 75, 65, 85, 62, 109, 101], 57: [44, 85, 29, 23], 68: [44, 60, 226], 85: [57, 29, 44], 119: [60, 116, 120, 200], 200: [60, 119, 201], 65: [226, 44, 137], 69: [118, 226, 242], 118: [69, 116, 60], 72: [112, 206, 31], 112: [72, 84, 97, 34], 75: [137, 176, 44], 137: [75, 226, 65], 176: [75, 82, 100], 80: [82, 34, 96], 120: [119, 201, 208], 201: [120, 123, 200], 121: [123, 197, 225], 123: [121, 128, 201], 197: [121, 109, 62], 128: [123, 206, 109], 208: [192, 206, 120], 215: [225, 31, 191], 96: [23, 100, 80], 23: [96, 57, 238], 109: [31, 60, 44, 128, 197], 62: [44, 197, 101], 101: [183, 44, 62]}
49|{15: [33, 253, 64, 222], 33: [15, 48, 222, 39, 64], 253: [15, 28, 37, 239], 20: [43, 68, 100], 43: [20, 68, 205, 206, 89, 32, 207], 68: [20, 43, 105], 100: [20, 104, 103], 27: [32, 132, 57], 32: [27, 105, 43, 35, 57], 132: [27, 57, 139], 28: [253, 37, 13], 105: [32, 104, 68], 48: [33, 35, 63, 75, 89, 205, 206, 209, 42], 222: [33, 39, 15], 35: [48, 103, 239, 32, 207, 257], 103: [35, 104, 100], 239: [35, 253, 257], 37: [39, 253, 28, 63, 96], 39: [37, 241, 242, 33, 222, 207], 241: [39, 242, 13], 242: [39, 240, 241], 42: [88, 246, 48], 88: [42, 52, 63], 246: [42, 52, 63], 205: [43, 48, 206], 206: [43, 48, 205], 63: [48, 75, 85, 86, 88, 240, 209, 246, 58, 37], 75: [48, 63, 74], 89: [48, 74, 43], 209: [48, 240, 63], 52: [58, 88, 246], 58: [52, 74, 63, 181], 57: [92, 27, 145, 132, 32, 65], 92: [57, 152, 90, 150], 85: [63, 256, 86], 86: [63, 79, 85], 240: [63, 209, 242], 64: [257, 33, 15], 257: [64, 239, 35], 65: [143, 145, 147, 148, 57, 146], 143: [65, 90, 149, 169], 145: [65, 144, 57], 147: [65, 146, 148], 148: [65, 147, 149, 152], 74: [75, 89, 58], 79: [86, 256, 181], 256: [79, 85, 181], 90: [139, 143, 92], 139: [90, 132, 169], 152: [92, 148, 150], 96: [181, 13, 37], 181: [96, 256, 58, 79], 104: [100, 103, 105], 149: [143, 148, 150], 144: [145, 146, 169], 146: [144, 147, 65], 169: [144, 143, 139], 150: [149, 152, 92], 13: [28, 96, 241], 207: [39, 43, 35]}
50|{1: [2, 31, 92, 174, 137, 16, 27, 18], 2: [1, 15, 17, 156, 264], 31: [1, 54, 92, 107, 29, 3], 92: [1, 31, 54], 174: [1, 11, 17, 18, 95], 15: [2, 11, 133, 137, 262, 122, 240], 17: [2, 174, 25], 156: [2, 16, 242, 132], 7: [171, 172, 3, 29, 122], 171: [7, 11, 172], 172: [7, 11, 18, 171], 8: [18, 95, 103, 107, 3, 96], 18: [8, 172, 174, 219, 103, 1, 11, 14], 95: [8, 96, 174], 103: [8, 96, 18], 107: [8, 31, 96], 11: [15, 171, 172, 174, 18], 14: [27, 219, 18], 27: [14, 219, 16, 1, 25], 219: [14, 18, 27], 133: [15, 132, 242, 264], 137: [15, 32, 240, 263, 1, 122, 54], 262: [15, 32, 263], 16: [25, 156, 27, 1], 25: [16, 27, 17], 54: [31, 92, 137], 32: [137, 240, 262], 240: [32, 137, 15], 96: [95, 103, 107, 8], 132: [133, 242, 156], 242: [132, 133, 156], 263: [137, 262, 264], 264: [263, 133, 2], 122: [15, 29, 7, 137], 29: [122, 31, 7], 3: [7, 31, 8]}
51|{0: [43, 46, 38], 43: [0, 15, 42], 46: [0, 3, 26], 2: [13, 37, 51, 166, 12, 36], 13: [2, 12, 56, 9, 61], 37: [2, 12, 17, 20, 51, 66, 70, 15], 3: [26, 46, 36], 26: [3, 46, 36, 35], 7: [12, 196, 233, 198, 220, 8, 217, 56, 78, 61], 12: [7, 13, 37, 47, 36, 2, 233], 196: [7, 36, 198], 233: [7, 62, 12], 8: [10, 78, 7], 10: [8, 78, 55], 78: [8, 10, 55, 7, 9], 11: [98, 64, 42], 98: [11, 42, 101], 47: [12, 217, 62, 220], 14: [24, 64, 92, 17], 24: [14, 48, 64], 64: [14, 17, 24, 90, 11, 92], 15: [20, 36, 44, 51, 59, 121, 170, 185, 43, 25, 37], 20: [15, 37, 66, 166, 59, 90, 42, 48, 17, 185], 36: [15, 38, 170, 196, 198, 207, 3, 26, 35, 172, 25, 12, 62, 53, 2], 44: [15, 38, 207], 51: [15, 37, 66, 70, 2], 59: [15, 101, 20], 121: [15, 120, 114], 170: [15, 36, 166], 185: [15, 123, 122, 20], 17: [37, 64, 70, 66, 48, 20, 14], 66: [20, 37, 51, 17], 166: [20, 170, 2], 48: [24, 20, 17], 35: [160, 26, 36], 160: [35, 53, 207], 38: [36, 44, 120, 122, 172, 0], 198: [36, 196, 7, 9], 207: [36, 160, 44], 120: [38, 121, 42], 122: [38, 123, 185], 172: [38, 25, 36], 42: [98, 11, 43, 120, 20], 217: [47, 220, 7], 53: [160, 36, 62], 55: [61, 78, 10], 61: [55, 13, 7], 101: [59, 98, 114], 90: [64, 20, 92], 114: [123, 121, 101], 123: [114, 122, 185], 220: [217, 47, 7], 56: [13, 7, 9], 70: [37, 17, 51], 92: [14, 64, 90], 25: [172, 15, 36], 62: [36, 53, 233, 47], 9: [198, 78, 56, 13]}
52|{0: [11, 20, 31, 36, 108, 209, 214, 7, 111, 28, 120], 11: [0, 7, 119], 20: [0, 5, 10, 12], 31: [0, 7, 138, 214], 36: [0, 7, 104], 108: [0, 60, 203], 209: [0, 10, 120], 214: [0, 7, 31], 1: [97, 256, 103, 7], 97: [1, 30, 21], 256: [1, 242, 7], 2: [7, 9, 12, 14, 29, 237], 7: [2, 11, 12, 29, 31, 36, 109, 214, 0, 111, 1, 103, 256], 9: [2, 53, 47, 30, 4], 12: [2, 7, 20], 14: [2, 271, 42, 237], 29: [2, 7, 30], 237: [2, 52, 14], 4: [112, 9, 5, 13, 42], 112: [4, 5, 13], 5: [20, 32, 43, 44, 45, 96, 112, 186, 4, 185], 32: [5, 33, 179], 43: [5, 44, 45, 178], 44: [5, 43, 52, 53], 45: [5, 43, 47, 53, 13], 96: [5, 179, 185], 186: [5, 177, 185], 109: [7, 21, 104], 53: [9, 44, 45], 10: [98, 120, 209, 20], 98: [10, 27, 33, 100, 173, 174, 191, 192], 120: [10, 209, 0], 13: [112, 47, 4, 45], 271: [14, 24, 52], 21: [102, 109, 97], 102: [21, 23, 24], 23: [60, 100, 102, 204], 60: [23, 27, 28, 108], 100: [23, 52, 98, 192, 178], 204: [23, 26, 27], 24: [102, 106, 271], 106: [24, 243, 247], 26: [28, 57, 204], 28: [26, 60, 191, 203, 0], 57: [26, 27, 104], 27: [57, 60, 98, 192, 204], 192: [27, 98, 100], 191: [28, 98, 193], 203: [28, 108, 193], 33: [32, 98, 177, 180, 268], 177: [33, 178, 186], 180: [33, 181, 268], 268: [33, 180, 183], 104: [36, 57, 109], 178: [43, 177, 100], 52: [44, 100, 271, 237], 179: [96, 181, 32], 185: [96, 186, 5], 173: [98, 174, 193], 174: [98, 173, 183], 243: [106, 140, 242], 111: [119, 7, 0], 119: [111, 30, 11], 138: [139, 103, 31], 139: [138, 140, 276], 140: [139, 243, 248], 276: [139, 247, 248], 248: [140, 247, 276], 183: [174, 181, 268], 181: [179, 180, 183], 193: [191, 203, 173], 242: [243, 247, 256], 247: [242, 248, 276, 106], 47: [45, 9, 13], 42: [14, 30, 4], 30: [97, 9, 42, 29, 119], 103: [138, 1, 7]}
53|{3: [16, 129, 186, 230, 231, 261, 22, 198, 268, 27], 16: [3, 27, 213, 215, 222, 236, 241], 129: [3, 27, 157, 190, 22, 14, 158, 191], 186: [3, 183, 198], 230: [3, 144, 152], 231: [3, 152, 229], 261: [3, 260, 259], 27: [16, 129, 202, 3], 213: [16, 212, 214, 215, 241], 215: [16, 213, 214], 222: [16, 103, 223], 236: [16, 220, 242], 241: [16, 212, 213, 138], 22: [25, 129, 3, 63], 25: [22, 28, 14], 28: [25, 271, 14], 271: [28, 202, 207], 44: [45, 189, 79], 45: [44, 154, 181], 189: [44, 277, 190], 63: [174, 127, 22], 174: [63, 141, 138], 79: [196, 268, 44], 196: [79, 197, 198], 268: [79, 203, 3], 103: [222, 225, 226], 225: [103, 221, 227], 226: [103, 227, 223], 111: [150, 249, 248], 150: [111, 249, 250], 249: [111, 150, 250], 157: [129, 158, 197], 190: [129, 191, 189], 138: [141, 174, 241], 141: [138, 172, 174, 212, 214], 172: [141, 178, 127], 212: [141, 213, 241], 144: [229, 230, 227], 229: [144, 231, 221], 148: [161, 242, 149], 161: [148, 248, 152], 149: [248, 250, 148], 248: [149, 161, 111], 152: [230, 231, 161], 154: [187, 277, 45], 187: [154, 191, 183], 277: [154, 181, 189], 158: [157, 129, 207], 178: [172, 218, 155], 179: [183, 127, 181], 183: [179, 186, 187], 181: [277, 45, 179], 191: [190, 187, 129], 197: [196, 157, 203], 198: [196, 186, 3], 202: [203, 271, 27], 203: [202, 207, 268, 197], 207: [203, 271, 158], 214: [213, 215, 141], 218: [258, 223, 178], 258: [218, 278, 259], 220: [236, 221, 242], 221: [225, 220, 229], 223: [222, 218, 226], 227: [225, 226, 144], 250: [249, 149, 150], 260: [261, 259, 278], 14: [28, 129, 25], 127: [179, 172, 155, 63], 278: [258, 155, 260], 259: [260, 258, 261], 155: [127, 178, 278], 242: [220, 236, 148]}
54|{1: [4, 35, 249, 283, 284, 289, 400], 4: [1, 7, 92, 275, 276, 278, 20, 231, 272, 466], 35: [1, 289, 10], 249: [1, 5, 277, 284, 67, 285], 283: [1, 284, 406], 284: [1, 249, 277, 283], 2: [3, 262, 470, 21], 3: [2, 192, 193, 197, 198, 466, 228, 190, 262, 199], 262: [2, 208, 209, 6, 3, 62, 245, 41, 134], 470: [2, 7, 50, 189, 206, 323], 192: [3, 193, 197], 193: [3, 192, 12], 197: [3, 190, 192], 198: [3, 200, 199], 466: [3, 9, 200, 4, 456], 7: [4, 24, 92, 180, 181, 207, 470, 496, 204, 304, 303, 139, 189], 92: [4, 7, 113], 275: [4, 272, 274], 276: [4, 277, 278, 295], 278: [4, 276, 290], 5: [10, 249, 391, 394, 403, 400, 393], 10: [5, 9, 231, 35, 21, 274], 391: [5, 393, 394], 394: [5, 11, 391], 403: [5, 400, 404], 6: [8, 151, 156, 157, 158, 159, 243, 262, 248, 426], 8: [6, 150, 153, 63, 382, 426, 135], 151: [6, 156, 150, 346], 156: [6, 151, 155], 157: [6, 154, 158], 158: [6, 476, 157], 159: [6, 160, 165], 243: [6, 248, 96], 24: [7, 98, 333, 102, 50], 180: [7, 42, 50], 181: [7, 328, 64], 207: [7, 204, 206], 496: [7, 74, 266, 323], 150: [8, 188, 151], 153: [8, 227, 476], 9: [10, 200, 231, 456, 466], 200: [9, 198, 466, 199], 231: [9, 10, 274, 4], 456: [9, 274, 466], 11: [19, 67, 186, 285, 290, 295, 354, 384, 393, 394, 385], 19: [11, 142, 188, 218, 314, 31, 119], 67: [11, 121, 187, 249], 186: [11, 119, 184, 70], 285: [11, 289, 249], 290: [11, 278, 295, 53], 295: [11, 276, 290], 354: [11, 385, 188], 384: [11, 385, 382], 393: [11, 391, 5], 12: [76, 124, 193, 80, 43], 76: [12, 38, 245], 124: [12, 203, 341, 204, 80], 142: [19, 155, 315], 188: [19, 150, 354], 218: [19, 72, 141, 309, 121, 187, 298], 314: [19, 31, 145], 20: [113, 4, 190, 189], 113: [20, 48, 66, 92], 23: [26, 178, 62, 217, 41, 171, 331], 26: [23, 59, 331], 178: [23, 266, 256], 98: [24, 333, 321], 333: [24, 50, 98, 134, 31, 321], 59: [26, 134, 245], 331: [26, 134, 23], 31: [135, 145, 229, 314, 329, 19, 333], 135: [31, 315, 8], 145: [31, 314, 315], 229: [31, 63, 139, 328, 50], 329: [31, 117, 134, 323], 289: [35, 285, 1], 38: [43, 76, 209, 106], 43: [38, 106, 12], 209: [38, 262, 106, 208], 41: [169, 23, 262], 169: [41, 47, 170], 42: [64, 180, 323], 64: [42, 181, 74], 323: [42, 470, 496, 329], 45: [303, 304, 102, 66, 321], 303: [45, 304, 7], 304: [45, 303, 7], 47: [117, 134, 169], 117: [47, 134, 329], 134: [47, 59, 117, 329, 331, 333, 262], 48: [53, 66, 113], 53: [48, 121, 290], 66: [48, 113, 309, 45], 50: [180, 333, 470, 229, 24], 121: [53, 67, 218], 62: [245, 23, 262], 245: [62, 262, 76, 59], 63: [165, 229, 96, 8, 160, 217, 263], 165: [63, 159, 328], 187: [67, 70, 218], 70: [119, 187, 186], 119: [70, 186, 19], 72: [116, 141, 184, 218], 116: [72, 143, 144], 141: [72, 184, 218], 184: [72, 141, 186], 74: [256, 496, 64], 256: [74, 178, 266], 80: [189, 228, 12, 124], 189: [80, 470, 20, 7], 102: [298, 45, 24], 298: [102, 309, 218], 143: [116, 346, 144], 144: [116, 346, 143], 203: [124, 206, 204], 315: [135, 142, 145], 139: [170, 229, 7], 170: [139, 171, 217, 169], 155: [142, 152, 156], 346: [143, 144, 151], 152: [155, 227, 476], 227: [152, 153, 154], 476: [152, 153, 158], 154: [157, 160, 227], 160: [154, 159, 63], 171: [170, 217, 23], 217: [170, 171, 63, 23], 266: [178, 340, 341, 496, 256], 328: [181, 229, 165], 206: [203, 470, 207], 208: [262, 340, 209], 309: [218, 298, 66], 274: [231, 272, 404, 406, 275, 456, 10], 248: [259, 263, 6, 243], 259: [248, 263, 96], 263: [248, 259, 63], 277: [249, 276, 284], 340: [266, 341, 208], 341: [266, 340, 124], 272: [274, 275, 4], 404: [274, 406, 403], 406: [274, 283, 404], 385: [354, 11, 384], 400: [403, 5, 1], 106: [38, 209, 43], 199: [198, 200, 3], 96: [259, 63, 243], 228: [3, 80, 21], 204: [203, 207, 7, 124], 190: [197, 3, 20], 321: [45, 98, 333], 21: [2, 228, 10], 426: [382, 8, 6], 382: [426, 8, 384]}
55|{0: [67, 144, 166, 207, 254, 255, 265, 542, 188, 175, 210], 67: [0, 418, 65, 57], 144: [0, 65, 61], 166: [0, 164, 509, 542, 541, 349, 538, 489], 207: [0, 41, 116, 204, 208, 253, 284, 509, 453, 188], 254: [0, 255, 188], 255: [0, 210, 254], 265: [0, 403, 253], 542: [0, 166, 541], 1: [4, 7, 203], 4: [1, 26, 163, 208, 394, 395, 439, 553, 507], 7: [1, 203, 376], 203: [1, 7, 78, 173, 279, 513], 2: [204, 238, 565], 204: [2, 207, 499, 214, 210], 238: [2, 412, 413, 499, 565], 565: [2, 238, 91], 3: [165, 499, 457], 165: [3, 499, 605, 312, 287, 5, 417], 499: [3, 165, 204, 237, 238, 334, 412, 413, 416, 450, 167, 335, 587, 500, 188], 26: [4, 550, 140, 507, 198], 163: [4, 393, 434], 208: [4, 41, 157, 207, 553, 505], 394: [4, 395, 406], 395: [4, 394, 505], 439: [4, 248, 393], 553: [4, 208, 269, 396, 554, 433], 5: [605, 491, 165, 146, 127], 605: [5, 165, 472], 376: [7, 393, 282], 10: [509, 515, 541, 164], 509: [10, 166, 207, 403, 507, 550, 404], 515: [10, 164, 206], 541: [10, 542, 166], 14: [61, 222, 266], 61: [14, 263, 266, 608, 144, 47, 215, 164], 222: [14, 276, 458], 266: [14, 61, 257], 18: [256, 548, 334, 312], 256: [18, 214, 312], 548: [18, 423, 455], 550: [26, 50, 92, 509, 406, 508], 28: [116, 274, 409, 453], 116: [28, 207, 274, 284], 274: [28, 116, 284], 409: [28, 188, 91], 39: [98, 232, 75], 98: [39, 232, 452], 232: [39, 98, 91], 41: [207, 208, 242, 367, 397, 181, 309], 242: [41, 157, 552], 367: [41, 397, 399], 397: [41, 367, 398], 42: [423, 450, 272, 202, 251], 423: [42, 455, 548, 304], 50: [206, 550, 189, 92], 206: [50, 189, 458, 57, 515], 51: [414, 543, 392], 414: [51, 251, 579], 543: [51, 75, 513], 60: [101, 171, 405], 101: [60, 401, 505], 171: [60, 92, 405], 405: [60, 171, 406], 263: [61, 122, 608, 215], 608: [61, 263, 294, 299], 65: [144, 258, 67, 151], 258: [65, 151, 418], 418: [67, 258, 57], 73: [513, 549, 268], 513: [73, 203, 343, 543, 78], 549: [73, 103, 270], 75: [392, 129, 543, 58, 39], 392: [75, 129, 51], 78: [113, 203, 103, 513], 113: [78, 268, 270, 173, 249], 92: [171, 253, 492, 550, 552, 50], 253: [92, 207, 265], 492: [92, 552, 401], 552: [92, 492, 242], 94: [294, 299, 420, 620, 47], 294: [94, 127, 608], 299: [94, 608, 177], 420: [94, 620, 491], 620: [94, 420, 262], 452: [98, 167, 496], 103: [247, 270, 346, 362, 396, 549, 78, 58], 247: [103, 250, 554], 270: [103, 113, 549], 346: [103, 362, 309], 362: [103, 346, 396], 396: [103, 362, 553], 284: [116, 207, 274], 117: [167, 500, 202], 167: [117, 293, 450, 587, 499, 470, 452], 118: [287, 480, 369], 287: [118, 480, 165], 480: [118, 287, 369], 122: [263, 127, 262], 127: [294, 122, 262, 5, 131], 129: [283, 392, 612, 75], 283: [129, 612, 251], 612: [129, 142, 283], 131: [417, 467, 127], 417: [131, 467, 165], 467: [131, 417, 175], 140: [434, 26, 349, 150], 434: [140, 150, 163], 142: [280, 470, 612], 280: [142, 470, 272], 470: [142, 280, 167], 146: [318, 369, 5], 318: [146, 491, 369], 369: [146, 118, 480, 318], 150: [434, 571, 534, 140, 198], 151: [257, 258, 65], 257: [151, 266, 276], 157: [208, 242, 401], 401: [157, 101, 492], 393: [163, 376, 439], 164: [166, 205, 556, 10, 515, 473, 177, 489, 61], 205: [164, 472, 556, 571], 556: [164, 205, 201], 293: [167, 237, 589], 450: [167, 471, 499, 42, 202, 589], 173: [203, 279, 282, 388, 113], 279: [173, 203, 282], 282: [173, 279, 376], 175: [214, 0, 467], 214: [175, 256, 204], 177: [489, 201, 164, 299], 489: [177, 164, 166], 181: [289, 433, 41], 289: [181, 433, 505], 433: [181, 289, 553], 189: [206, 576, 50], 576: [189, 403, 404], 202: [272, 42, 450, 117], 272: [202, 42, 280], 472: [205, 473, 605], 458: [206, 222, 276], 210: [255, 204, 0], 276: [222, 458, 257], 237: [293, 499, 587], 412: [238, 273, 496, 499], 413: [238, 273, 499], 244: [404, 538, 508], 404: [244, 576, 509], 538: [244, 349, 166], 250: [247, 249, 269], 554: [247, 505, 553], 248: [269, 439, 249], 269: [248, 553, 250], 249: [250, 248, 113], 251: [414, 42, 283], 268: [388, 113, 73], 388: [268, 363, 173], 273: [412, 413, 496], 496: [273, 412, 500, 452], 505: [289, 554, 101, 208, 395], 304: [606, 471, 390, 423], 606: [304, 547, 377], 317: [334, 457, 335], 334: [317, 499, 592, 18, 457], 457: [317, 334, 3], 330: [335, 416, 592], 335: [330, 499, 317], 416: [330, 499, 592], 592: [330, 416, 334], 343: [363, 377, 471, 513, 534, 350, 390], 363: [343, 388, 579, 478], 377: [343, 390, 606], 471: [343, 438, 450, 455, 304], 349: [538, 140, 166], 350: [387, 438, 343], 387: [350, 503, 547], 438: [350, 471, 478], 579: [363, 478, 414], 399: [367, 398, 58], 390: [377, 304, 343], 503: [387, 547, 455], 398: [397, 399, 453], 453: [398, 28, 207], 403: [509, 576, 265], 455: [423, 548, 503, 471], 478: [438, 579, 363], 473: [472, 491, 164, 215, 201, 571], 491: [473, 5, 318, 420], 500: [496, 117, 499], 547: [503, 606, 387], 507: [508, 509, 4, 26], 508: [507, 550, 244], 587: [589, 167, 499, 237], 589: [587, 450, 293], 47: [94, 61, 215], 57: [206, 67, 418], 188: [0, 409, 254, 499, 207], 91: [232, 409, 565], 201: [556, 177, 473], 262: [122, 620, 127], 215: [473, 263, 47, 61], 406: [550, 405, 394], 312: [256, 165, 18], 534: [343, 198, 150], 198: [26, 534, 150], 58: [309, 75, 399, 103], 309: [58, 346, 41], 571: [150, 205, 473]}
56|{0: [183, 293, 93, 102, 333], 183: [0, 82, 214, 230, 256, 639], 293: [0, 316, 294], 2: [219, 376, 120], 219: [2, 621, 142], 9: [582, 93, 592], 582: [9, 317, 593], 10: [221, 244, 329, 265, 155], 221: [10, 194, 330], 244: [10, 194, 104], 21: [206, 609, 309, 312, 152, 367, 135, 255], 206: [21, 176, 312, 318, 376, 271, 177, 228, 61], 609: [21, 120, 195, 213, 228, 233, 145, 323], 26: [34, 87, 89, 230, 265, 328, 209, 123, 145], 34: [26, 123, 85], 87: [26, 150, 265, 213], 89: [26, 213, 291, 328], 230: [26, 183, 322], 265: [26, 87, 329, 330, 328, 10, 193], 32: [343, 557, 558, 83, 553], 343: [32, 245, 378], 557: [32, 33, 558], 558: [32, 33, 149, 557, 621, 106, 626, 213], 33: [557, 558, 560], 123: [34, 193, 194, 196, 331, 356, 155, 26], 36: [127, 102, 315], 127: [36, 518, 529], 42: [301, 302, 118, 554], 301: [42, 118, 119], 302: [42, 119, 118], 43: [214, 639, 209], 214: [43, 183, 209, 102, 333, 85], 639: [43, 183, 333], 54: [238, 329, 326], 238: [54, 72, 199, 284, 364, 276, 213, 295], 329: [54, 265, 10], 67: [102, 232, 335, 198], 102: [67, 85, 335, 214, 0, 36, 350, 369, 197], 232: [67, 198, 336, 196, 519], 335: [67, 102, 519], 71: [320, 321, 256], 320: [71, 321, 271], 321: [71, 320, 367], 72: [238, 275, 435, 711, 419, 440, 199, 371], 275: [72, 155, 440], 435: [72, 440, 415], 711: [72, 73, 413, 431], 73: [189, 277, 415, 431, 711], 189: [73, 341, 342, 461, 703], 277: [73, 298, 342, 703, 100], 415: [73, 136, 431, 419, 435], 431: [73, 415, 711, 136, 155, 182, 257], 74: [136, 413, 298], 136: [74, 415, 431], 413: [74, 298, 711], 82: [183, 322, 333], 322: [82, 271, 230], 83: [629, 245, 32, 142], 629: [83, 626, 142], 85: [102, 356, 34, 214], 356: [85, 123, 369], 150: [87, 145, 233], 213: [89, 155, 236, 258, 270, 325, 326, 609, 621, 622, 87, 120, 238, 149, 163, 720, 227, 558], 291: [89, 92, 227], 328: [89, 265, 26], 91: [266, 311, 108], 266: [91, 311, 279, 709, 707], 92: [291, 327, 236], 327: [92, 227, 236], 93: [234, 315, 592, 0, 9, 352, 197], 234: [93, 315, 316], 315: [93, 234, 36], 592: [93, 593, 9, 173], 94: [358, 371, 341], 358: [94, 716, 100], 100: [342, 276, 358, 277], 342: [100, 189, 277], 104: [196, 244, 283], 196: [104, 123, 151, 155, 247, 331, 336, 349, 350, 517, 232, 157], 106: [560, 558, 163], 560: [106, 561, 33], 108: [515, 222, 91], 515: [108, 529, 709, 707], 118: [554, 301, 465, 302, 42], 554: [118, 553, 42], 119: [302, 371, 465, 301], 120: [323, 609, 213, 2], 323: [120, 233, 609], 193: [123, 330, 265], 194: [123, 157, 221, 244], 331: [123, 157, 196], 518: [127, 513, 517, 519], 529: [127, 515, 519], 135: [309, 376, 21, 152], 309: [135, 376, 21], 376: [135, 309, 2, 206, 61, 255], 145: [150, 609, 26], 149: [558, 213, 626], 233: [150, 323, 609], 151: [196, 215, 283, 349], 215: [151, 155, 497, 350, 247, 257, 311], 152: [255, 21, 135], 255: [152, 173, 376, 21], 155: [159, 196, 213, 215, 275, 283, 123, 10, 431], 159: [155, 270, 276], 283: [155, 104, 182, 151], 157: [194, 331, 196], 270: [159, 213, 622], 276: [159, 238, 100, 163, 364, 716, 720], 163: [561, 720, 371, 276, 106, 213], 561: [163, 560, 245], 174: [316, 292, 317], 316: [174, 293, 234], 176: [206, 318, 312, 653], 318: [176, 206, 271], 177: [228, 252, 206], 228: [177, 195, 609, 206], 256: [183, 294, 71], 341: [189, 716, 94], 461: [189, 703, 371], 703: [189, 277, 461], 195: [228, 609, 252], 247: [196, 222, 350, 215], 336: [196, 232, 198], 349: [196, 497, 151], 350: [196, 222, 247, 352, 709, 215, 102], 517: [196, 518, 709], 197: [352, 93, 102], 352: [197, 350, 367, 93], 198: [232, 336, 67, 369], 199: [238, 284, 72], 284: [199, 238, 364], 312: [206, 176, 21], 209: [214, 26, 43], 236: [213, 258, 327, 92], 258: [213, 236, 295], 325: [213, 326, 295], 326: [213, 325, 54], 621: [213, 622, 219, 558], 622: [213, 270, 621], 330: [221, 265, 193], 222: [247, 350, 108], 227: [291, 327, 213], 364: [238, 284, 276], 245: [343, 83, 561], 294: [256, 292, 293], 295: [258, 238, 325], 311: [266, 91, 215], 271: [367, 322, 206, 320, 318], 367: [271, 352, 653, 317, 292, 21, 321], 440: [275, 419, 435, 72], 298: [277, 413, 74], 292: [294, 174, 367], 317: [582, 174, 367], 333: [639, 82, 214, 0], 497: [349, 215, 257], 709: [350, 513, 515, 517, 266], 716: [358, 341, 276], 653: [367, 593, 173, 176], 386: [398, 640, 396], 398: [386, 397, 640], 640: [386, 398, 257], 389: [397, 279, 396], 397: [389, 396, 398], 396: [397, 389, 386], 419: [440, 72, 415], 513: [518, 709, 707], 519: [529, 335, 518, 232], 553: [554, 378, 32], 593: [582, 592, 653], 626: [629, 558, 149], 252: [195, 61, 177], 61: [252, 206, 376], 279: [266, 389, 257], 378: [343, 553, 465], 720: [163, 276, 213], 369: [356, 198, 102], 257: [182, 497, 215, 640, 279, 431], 182: [257, 431, 283], 173: [653, 255, 592], 707: [513, 515, 266], 371: [163, 461, 94, 119, 72], 465: [118, 119, 378], 142: [629, 219, 83]}
57|{3: [51, 98, 895], 51: [3, 58, 68, 98, 164, 165, 625, 626, 79, 88, 124, 784, 125], 98: [3, 8, 39, 51, 62, 115, 129, 133, 134, 145, 663, 85, 926], 895: [3, 43, 46, 875, 828, 827, 88, 739], 8: [62, 98, 128, 155, 168, 270, 663], 62: [8, 38, 43, 58, 81, 83, 98, 118, 119, 471, 656, 657, 455, 477, 640, 654, 488], 128: [8, 27, 11], 155: [8, 119, 855, 857], 168: [8, 512, 166], 270: [8, 601, 654], 663: [8, 98, 664], 10: [18, 115, 151, 714], 18: [10, 150, 151, 926], 115: [10, 98, 150, 714, 85, 11], 151: [10, 18, 687, 150], 714: [10, 115, 87], 11: [24, 50, 179, 135, 128, 796, 115], 24: [11, 667, 670, 927, 805], 50: [11, 683, 678], 179: [11, 181, 180], 150: [18, 115, 151], 926: [18, 152, 98], 23: [668, 672, 689], 668: [23, 927, 670], 672: [23, 678, 683], 689: [23, 803, 691], 667: [24, 805, 927], 670: [24, 678, 668], 927: [24, 667, 668], 27: [128, 855, 135, 175], 855: [27, 155, 119], 33: [129, 130, 131, 764], 129: [33, 98, 130], 130: [33, 129, 131], 131: [33, 130, 88], 38: [58, 62, 108], 58: [38, 42, 51, 62, 96, 567, 568, 582, 645, 850, 103, 599, 601], 39: [98, 147, 743, 795, 796, 702, 742, 691], 147: [39, 144, 145], 743: [39, 744, 742], 795: [39, 796, 803], 796: [39, 11, 795], 41: [68, 156, 124], 68: [41, 51, 83, 90, 609, 610, 613], 156: [41, 83, 645], 42: [58, 96, 547, 550], 96: [42, 58, 90, 532], 547: [42, 545, 570], 43: [47, 62, 83, 118, 868, 875, 895, 375, 377, 378, 385], 47: [43, 83, 386, 390, 395], 83: [43, 47, 62, 68, 156, 418, 427, 835, 411, 426, 434, 417], 118: [43, 62, 81], 868: [43, 378, 447], 875: [43, 895, 828], 46: [895, 836, 605], 386: [47, 385, 393], 390: [47, 388, 389], 395: [47, 402, 482], 164: [51, 124, 125], 165: [51, 79, 616], 625: [51, 166, 626], 626: [51, 625, 627], 567: [58, 568, 566], 568: [58, 546, 567], 582: [58, 90, 103], 645: [58, 156, 641], 850: [58, 572, 570], 81: [62, 118, 108], 119: [62, 155, 855], 471: [62, 468, 470], 656: [62, 657, 640], 657: [62, 519, 656], 90: [68, 96, 582, 584, 593, 564, 585, 576], 609: [68, 610, 607], 610: [68, 609, 611], 613: [68, 621, 607], 79: [165, 622, 51], 622: [79, 617, 166], 418: [83, 426, 422], 427: [83, 428, 884], 835: [83, 431, 834], 85: [87, 143, 144, 98, 694, 115], 87: [85, 702, 922, 691, 714], 143: [85, 922, 144], 144: [85, 147, 143], 702: [87, 39, 732], 922: [87, 143, 145], 584: [90, 585, 581], 593: [90, 596, 585], 133: [98, 135, 134], 134: [98, 135, 133], 145: [98, 922, 147], 103: [108, 577, 599, 582, 58], 108: [103, 38, 81], 577: [103, 581, 576], 599: [103, 596, 58], 124: [125, 164, 41, 51], 125: [124, 164, 51], 135: [133, 134, 27, 11], 687: [151, 683, 152], 166: [625, 622, 168], 175: [180, 181, 27], 180: [175, 179, 181], 181: [175, 179, 180], 250: [463, 858, 375], 463: [250, 375, 451], 858: [250, 664, 857], 601: [270, 596, 58], 371: [409, 497, 501, 508], 409: [371, 421, 405], 497: [371, 423, 424], 501: [371, 488, 507], 508: [371, 507, 444], 385: [386, 43, 383], 388: [389, 390, 421], 389: [388, 390, 396], 396: [400, 389, 377], 400: [396, 402, 405], 402: [400, 395, 407], 405: [422, 400, 409], 422: [405, 423, 418], 407: [481, 402, 484], 481: [407, 482, 378], 421: [409, 411, 410, 388], 410: [411, 426, 421], 411: [410, 421, 83], 426: [410, 418, 83], 417: [827, 83, 393], 827: [417, 828, 895], 423: [422, 424, 497], 424: [423, 497, 516], 428: [427, 430, 884], 430: [428, 431, 446], 431: [437, 835, 430], 437: [431, 436, 446], 434: [439, 83, 834], 439: [434, 444, 443], 436: [437, 443, 834], 443: [436, 439, 836], 834: [436, 835, 434], 444: [439, 508, 510], 441: [446, 605, 884], 446: [441, 430, 437], 447: [449, 451, 868], 449: [447, 460, 486], 455: [460, 451, 62], 460: [455, 602, 449], 602: [460, 468, 486], 468: [471, 602, 470], 470: [471, 476, 468], 476: [470, 477, 484], 477: [476, 62, 495], 482: [481, 486, 395], 486: [482, 602, 449], 484: [487, 476, 407], 487: [484, 488, 495], 488: [487, 501, 62], 495: [519, 487, 477], 519: [495, 657, 516], 507: [508, 501, 838], 512: [513, 837, 641, 168], 513: [512, 838, 636], 837: [512, 838, 510], 838: [513, 837, 507], 539: [545, 532, 566], 545: [539, 546, 547], 546: [545, 568, 558], 559: [561, 564, 579], 561: [559, 563, 550], 564: [559, 563, 90], 563: [561, 564, 556], 570: [571, 850, 547], 571: [570, 572, 573], 572: [571, 573, 850], 573: [571, 572, 574], 574: [573, 579, 654], 581: [577, 579, 584], 579: [581, 559, 574], 585: [584, 90, 593], 596: [599, 593, 601], 611: [610, 616, 621], 616: [611, 617, 165], 621: [613, 618, 611], 617: [616, 618, 622], 618: [617, 621, 836], 636: [639, 516, 513], 639: [636, 640, 641], 640: [639, 62, 656], 664: [663, 857, 858], 857: [664, 858, 155], 805: [667, 803, 24], 678: [670, 672, 50], 683: [687, 672, 152, 50], 803: [689, 805, 795], 694: [733, 734, 85, 764], 733: [694, 732, 735], 734: [694, 732, 735], 732: [733, 734, 742, 745, 747, 702], 742: [732, 743, 39], 745: [732, 744, 740], 747: [732, 740, 735], 735: [734, 733, 747], 739: [740, 744, 895], 740: [739, 747, 745], 744: [743, 745, 739], 828: [827, 875, 895], 836: [46, 443, 618], 152: [926, 683, 687], 88: [51, 131, 784, 895], 884: [427, 428, 441], 378: [868, 43, 481], 654: [270, 574, 62], 375: [43, 250, 463], 377: [43, 383, 396], 383: [377, 393, 385], 393: [386, 417, 383], 451: [447, 455, 463], 516: [424, 519, 636], 510: [444, 837, 627], 627: [510, 566, 626], 530: [550, 556, 532], 550: [530, 561, 42], 532: [539, 530, 96], 566: [567, 627, 539], 556: [558, 563, 530], 558: [556, 576, 546], 607: [609, 613, 605], 641: [512, 639, 645], 576: [90, 577, 558], 691: [689, 87, 39], 764: [33, 784, 694], 784: [764, 51, 88], 605: [441, 46, 607]}
58|{0: [18, 23, 639, 703, 571, 642], 18: [0, 23, 67, 76, 609, 612, 692, 697, 707, 611, 684, 599, 938], 23: [0, 18, 59, 620, 639, 658, 703, 937, 694, 571, 656, 654, 10], 639: [0, 23, 677, 10], 703: [0, 23, 620], 1: [156, 162, 31], 156: [1, 31, 163], 2: [556, 557, 56], 556: [2, 56, 506], 557: [2, 56, 505], 8: [123, 124, 100], 123: [8, 100, 138], 124: [8, 138, 73], 9: [41, 104, 107], 41: [9, 54, 105, 133], 104: [9, 133, 534], 107: [9, 37, 46, 57, 87], 10: [31, 58, 140, 164, 192, 376, 383, 389, 648, 662, 677, 678, 926, 378, 639, 681, 23], 31: [10, 52, 156, 162, 163, 173, 182, 186, 187, 391, 175, 184, 1, 165], 58: [10, 98, 140, 921], 140: [10, 58, 98, 181, 194, 378, 379, 385, 386, 387, 918, 180, 299], 164: [10, 389, 678, 679], 192: [10, 380, 926, 375], 376: [10, 383, 643], 383: [10, 376, 921], 389: [10, 164, 165], 648: [10, 663, 677], 662: [10, 36, 661], 677: [10, 639, 648], 678: [10, 164, 681], 926: [10, 36, 192], 12: [64, 154, 130, 152], 64: [12, 71, 130, 904], 154: [12, 138, 153], 14: [48, 84, 88, 904, 905, 868], 48: [14, 88, 320], 84: [14, 897, 904], 88: [14, 48, 207, 332, 333, 334, 335, 905, 1020, 211, 864], 904: [14, 64, 84, 130, 906], 905: [14, 88, 141, 320, 321, 908], 67: [18, 20, 39, 86, 143, 434, 437, 745, 765, 1010, 444, 768, 773, 436], 76: [18, 143, 148, 666, 673, 1034], 609: [18, 612, 619], 612: [18, 609, 611], 692: [18, 57, 595], 697: [18, 696, 699], 707: [18, 695, 611], 20: [67, 68, 98, 120, 148, 239, 241, 242, 248, 289, 301, 302, 878, 238, 231, 260, 21], 68: [20, 34, 80, 98, 120, 141, 143, 282, 289, 86], 98: [20, 58, 68, 138, 140], 120: [20, 68, 148], 148: [20, 76, 120], 239: [20, 225, 231], 241: [20, 230, 236], 242: [20, 230, 288], 248: [20, 301, 302, 255, 1000, 231], 289: [20, 68, 262, 887], 301: [20, 248, 260], 302: [20, 248, 143, 1000], 878: [20, 263, 274], 21: [274, 283, 20], 274: [21, 263, 878], 283: [21, 230, 243, 1027], 59: [23, 56, 57, 589, 606, 607, 608, 658, 685, 933, 1004, 542, 549, 555, 548], 620: [23, 571, 703], 658: [23, 59, 694], 937: [23, 654, 946], 27: [39, 40, 417, 993, 994, 432], 39: [27, 40, 57, 67], 40: [27, 39, 417, 422, 993], 417: [27, 40, 420], 993: [27, 40, 117], 994: [27, 426, 992, 995, 423, 429], 28: [29, 55, 56, 485, 487, 493, 500, 521, 954, 526, 518], 29: [28, 518, 782, 954], 55: [28, 426, 476, 500, 472, 110], 56: [28, 54, 59, 509, 510, 555, 556, 557, 682, 512, 534, 505, 2], 485: [28, 484, 486], 487: [28, 475, 481], 493: [28, 518, 495, 486], 500: [28, 55, 481], 521: [28, 495, 518], 954: [28, 29, 518], 518: [29, 493, 519, 521, 954, 28, 782], 782: [29, 520, 518], 52: [31, 93, 179, 183, 185, 190, 191, 298, 368, 391, 299], 162: [31, 163, 1], 163: [31, 156, 162], 173: [31, 175, 182], 182: [31, 184, 173], 186: [31, 160, 187], 187: [31, 186, 189], 391: [31, 52, 189], 34: [68, 80, 141, 215, 217, 219, 244, 310, 311, 316, 344, 346, 327, 234], 80: [34, 68, 222, 225, 233, 235, 237, 250, 458], 141: [34, 68, 134, 330, 350, 351, 905, 906, 881], 215: [34, 304, 219], 217: [34, 304, 342], 219: [34, 285, 342, 891, 215], 244: [34, 243, 285], 310: [34, 327, 311], 311: [34, 310, 308], 316: [34, 287, 308], 344: [34, 229, 234], 346: [34, 285, 229], 36: [375, 662, 926, 661, 385], 375: [36, 940, 192], 37: [46, 107, 87, 106], 46: [37, 87, 107], 57: [39, 59, 107, 143, 434, 595, 692, 708, 717, 736, 594, 718, 720, 733], 422: [40, 420, 995], 54: [41, 56, 105, 110, 476, 526], 105: [41, 54, 108, 106], 45: [47, 537, 60], 47: [45, 60, 536, 537, 578, 579, 581, 787, 933, 534, 577], 537: [45, 47, 534], 87: [46, 107, 37], 60: [47, 577, 579, 581, 787, 45], 536: [47, 553, 563], 578: [47, 787, 579], 579: [47, 60, 581, 578], 581: [47, 60, 579], 787: [47, 60, 578], 933: [47, 59, 544, 1004, 548], 320: [48, 334, 905], 49: [108, 109, 110], 108: [49, 105, 114], 109: [49, 519, 520], 110: [49, 54, 55], 93: [52, 291, 293, 294, 298, 300, 393, 394, 396, 290, 369], 179: [52, 180, 185, 369, 387], 183: [52, 185, 191], 185: [52, 179, 183, 184], 190: [52, 189, 368], 191: [52, 183, 189], 298: [52, 93, 368], 368: [52, 298, 393, 190], 476: [54, 55, 426, 473], 526: [54, 484, 28], 426: [55, 476, 994, 1014, 423, 429], 509: [56, 505, 506], 510: [56, 484, 682, 512], 555: [56, 531, 553, 59], 682: [56, 510, 531], 143: [57, 67, 68, 76, 755, 757, 776, 449, 1000, 302, 745, 774, 456], 434: [57, 67, 436, 733, 736], 595: [57, 692, 702, 708], 708: [57, 594, 595], 717: [57, 720, 718], 736: [57, 434, 733], 589: [59, 607, 608], 606: [59, 694, 549], 607: [59, 589, 684], 608: [59, 589, 938], 685: [59, 598, 684], 1004: [59, 544, 933, 563], 577: [60, 47, 571], 62: [779, 849, 69], 779: [62, 69, 781, 847], 849: [62, 69, 846, 847], 71: [64, 134, 135], 130: [64, 904, 12], 86: [67, 441, 773, 774, 1008, 758, 449, 68], 437: [67, 699, 744], 745: [67, 744, 143], 765: [67, 762, 444], 1010: [67, 435, 762], 282: [68, 220, 279], 69: [82, 92, 779, 821, 824, 840, 846, 849, 828, 62], 82: [69, 92, 94, 117], 92: [69, 82, 832, 839, 860, 814, 835, 94], 821: [69, 94, 822], 824: [69, 781, 823], 840: [69, 860, 839], 846: [69, 847, 849], 134: [71, 138, 141, 907], 135: [71, 132, 1020], 73: [138, 132, 124], 138: [73, 98, 123, 124, 131, 132, 134, 154, 100], 666: [76, 1034, 664], 673: [76, 353, 359, 940], 1034: [76, 260, 353, 664, 666, 665, 359], 222: [80, 233, 236, 238], 225: [80, 238, 239, 250, 233], 233: [80, 222, 250, 225], 235: [80, 229, 234], 237: [80, 229, 236], 250: [80, 89, 225, 233, 255], 94: [82, 401, 821, 822, 823, 92], 117: [82, 993, 85], 897: [84, 898, 321], 85: [139, 960, 114, 117], 139: [85, 90, 423, 960, 106], 960: [85, 139, 106], 441: [86, 444, 445, 446], 773: [86, 766, 67], 774: [86, 468, 143], 1008: [86, 469, 468], 207: [88, 211, 1020], 332: [88, 203, 321], 333: [88, 198, 906], 334: [88, 320, 335], 335: [88, 203, 334], 1020: [88, 135, 207], 89: [250, 255, 458], 255: [89, 250, 248], 458: [89, 457, 80], 90: [139, 401, 857], 401: [90, 94, 857], 857: [90, 401, 855], 832: [92, 834, 814], 839: [92, 835, 840], 860: [92, 840, 843], 291: [93, 395, 396, 1032], 293: [93, 395, 396, 788], 294: [93, 394, 788, 1032], 300: [93, 290, 295], 393: [93, 368, 160], 394: [93, 294, 295], 396: [93, 291, 293], 822: [94, 821, 855], 823: [94, 824, 855], 100: [123, 8, 138], 133: [104, 553, 41], 534: [104, 537, 47, 56, 542], 519: [109, 518, 520], 520: [109, 519, 782], 131: [138, 153, 152], 153: [131, 152, 154], 132: [135, 138, 73], 553: [133, 536, 555], 907: [134, 906, 330, 884], 423: [139, 426, 994], 181: [140, 180, 386], 194: [140, 398, 196], 378: [140, 921, 10], 379: [140, 380, 398], 385: [140, 36, 147], 386: [140, 181, 387], 387: [140, 179, 386], 918: [140, 147, 196], 330: [141, 881, 907, 322, 884], 350: [141, 340, 352], 351: [141, 322, 352], 906: [141, 333, 904, 907], 755: [143, 754, 776], 757: [143, 456, 748], 776: [143, 748, 755], 147: [918, 380, 385], 152: [153, 131, 12], 160: [186, 290, 393], 679: [164, 165, 643], 165: [175, 389, 679, 31], 175: [165, 173, 31], 180: [179, 181, 140], 369: [179, 299, 93], 184: [182, 185, 31], 189: [187, 190, 191, 391], 380: [192, 379, 147], 398: [194, 379, 940], 196: [355, 918, 194], 355: [196, 353, 359], 198: [203, 333, 864, 865], 203: [198, 332, 335, 866], 864: [198, 865, 88], 865: [198, 866, 864], 211: [207, 908, 88], 908: [211, 905, 1022], 304: [215, 217, 892], 342: [217, 219, 889], 285: [219, 346, 244], 891: [219, 895, 892], 220: [282, 888, 287], 888: [220, 284, 889], 236: [222, 237, 241], 238: [222, 225, 20], 229: [235, 237, 344, 346], 230: [241, 242, 283], 231: [239, 20, 248], 234: [235, 34, 344], 288: [242, 262, 287], 243: [244, 283, 1027], 1027: [243, 262, 283], 260: [1034, 301, 20], 262: [288, 289, 1027], 263: [274, 878, 879, 887], 879: [263, 882, 337], 887: [263, 270, 289], 270: [279, 887, 278], 279: [270, 282, 341], 278: [284, 337, 270], 284: [278, 341, 888, 898], 337: [278, 340, 879], 341: [279, 284, 321], 898: [284, 895, 897], 287: [288, 316, 220], 290: [300, 93, 160], 395: [291, 293, 1032], 1032: [291, 395, 294], 788: [293, 294, 295], 295: [300, 394, 788], 299: [369, 140, 52], 892: [304, 868, 891], 308: [316, 327, 311], 327: [308, 310, 34], 321: [322, 332, 352, 905, 897, 341, 1022], 322: [321, 351, 330], 352: [321, 350, 351], 881: [330, 882, 141], 340: [350, 1021, 337], 1021: [340, 895, 1022], 889: [342, 888, 895], 353: [673, 1034, 355], 359: [673, 355, 1034], 940: [375, 398, 673], 921: [378, 383, 58], 420: [422, 995, 417], 995: [420, 422, 994], 1014: [426, 473, 475], 428: [436, 992, 429], 436: [428, 434, 435, 67], 992: [428, 994, 433], 432: [433, 435, 27], 433: [432, 435, 992], 435: [432, 433, 436, 1010], 733: [434, 736, 57], 699: [437, 697, 698], 444: [441, 67, 765], 445: [441, 446, 447], 446: [441, 445, 447, 758], 447: [445, 446, 759], 758: [446, 766, 86], 456: [457, 757, 143], 457: [456, 458, 469], 469: [457, 468, 1008], 468: [469, 774, 449, 1008], 472: [473, 475, 55], 473: [472, 476, 1014], 475: [472, 481, 487, 1014], 481: [475, 487, 500], 484: [485, 510, 526], 486: [485, 495, 493], 495: [521, 493, 486], 505: [506, 509, 557, 56], 506: [505, 509, 556], 512: [531, 56, 510], 531: [512, 555, 682], 563: [536, 542, 1004], 542: [544, 563, 59, 534], 544: [542, 933, 1004], 571: [620, 0, 23, 577], 594: [599, 708, 57], 599: [594, 598, 18], 702: [595, 695, 698], 598: [599, 685, 938], 938: [598, 608, 18], 694: [606, 658, 23], 684: [607, 18, 685], 619: [609, 664, 611], 611: [612, 18, 619, 707], 664: [619, 665, 1034, 666], 642: [681, 643, 0], 681: [642, 678, 10], 663: [648, 661, 665], 654: [656, 937, 946, 23], 656: [654, 946, 23], 946: [656, 937, 654], 661: [663, 36, 662], 665: [663, 664, 1034], 695: [696, 702, 707], 696: [695, 697, 698], 698: [696, 702, 699], 718: [720, 717, 57], 720: [718, 717, 57], 744: [745, 747, 437], 747: [744, 754, 759], 754: [747, 755, 748], 759: [747, 766, 447, 768], 748: [757, 776, 754], 766: [758, 759, 773], 762: [768, 1010, 765], 768: [762, 67, 759], 781: [779, 824, 114], 814: [827, 92, 832], 827: [814, 828, 1028], 855: [822, 823, 857], 828: [827, 1028, 69], 1028: [827, 834, 828], 834: [832, 835, 1028], 835: [834, 839, 92, 843], 843: [847, 835, 860], 847: [843, 846, 849, 779], 866: [865, 868, 203], 868: [866, 892, 14], 882: [879, 881, 884], 895: [891, 898, 1021, 889], 1022: [908, 1021, 321], 114: [85, 108, 781], 106: [105, 960, 139, 37], 449: [468, 143, 86], 1000: [143, 302, 248], 548: [549, 933, 59], 549: [548, 59, 606], 643: [376, 642, 679], 884: [907, 882, 330], 429: [426, 994, 428]}
