2|0.3125|11.5361967086792|9|0.4375|2.111417055130005|20|58.52768804927998
3|0.105224609375|0.0|56|0.236572265625|0.0|212|33.81102525128959
4|0.033092200756073|0.0|273|0.1299821138381958|0.0|964|33.79866291507503
5|0.009355914738080173|0.002000093460083008|1297|0.06233206330853136|0.0009303092956542969|3364|52.32675317767377
6|0.002335218850638434|0.012005329132080078|6059|0.026743945738234885|0.0014843940734863281|10468|100.98040108847782
7|0.0005093845257241574|0.06205940246582031|27727|0.010230549926137814|0.0019996166229248047|30308|233.05255143438006
8|9.650434224633553e-05|0.3186321258544922|124439|0.003491072984464454|0.00701451301574707|83300|628.8371352561066
9|1.581518468808506e-05|1.4884169101715088|549523|0.0010626048061912682|0.012008905410766602|220004|1958.104653940011
10|2.2357635563349407e-06|7.551082134246826|2395562|0.0002884977950851774|0.02699756622314453|563044|6972.557158234143
11|2.7211211467165563e-07|31.81563639640808|10336390|6.986672027783465e-05|0.06843400001525879|1404772|28206.428160597876
12|2.8471867087073272e-08|150.07638144493103|44232915|1.5092301106183244e-05|0.17219781875610352|3432292|129019.57611636016
