8|0.9250282165299389|0.3091440200805664|124439|0.9352978442313694|0.005996227264404297|83300|2309.4001526037755
9|0.9224335341164756|0.3488271236419678|145904|0.9328875102046382|0.013970375061035156|97636|2303.504914630646
10|0.9198460171175916|0.41840696334838867|167369|0.9304833877929097|0.006165266036987305|111972|2296.434347620328
11|0.9172657452973679|0.4519081115722656|188834|0.9280854609883766|0.006629228591918945|126308|2288.3775367513153
12|0.9146927099126515|0.5205385684967041|210299|0.9256937138244856|0.008078813552856445|140644|2279.467212856553
13|0.912126892009965|0.6134383678436279|231764|0.9233081303758299|0.009280920028686523|154980|2269.8167765172198
14|0.9095682715000282|0.6646223068237305|253229|0.9209286947580451|0.010226964950561523|169316|2259.526108599161
15|0.9070168282115737|0.7356612682342529|274694|0.9185553911277005|0.011072635650634766|183652|2248.683616807551
16|0.9044725420137997|0.7752594947814941|296159|0.9161882036821963|0.011205434799194336|197988|2237.367668305803
17|0.9019353928304944|0.8233063220977783|317624|0.9138271166596563|0.012053489685058594|212324|2225.647794112602
18|0.8994053606415431|0.8900578022003174|339089|0.9114721143388248|0.015702486038208008|226660|2213.5857321057924
19|0.8968824254829639|0.9348325729370117|360554|0.9091231810389603|0.015064477920532227|240996|2201.2363355223006
20|0.8943665674467737|1.0277369022369385|382019|0.9067803011197316|0.007985830307006836|255332|2188.6483662954306
21|0.8918577666808325|1.0795433521270752|403484|0.9044434589811144|0.012816905975341797|269668|2175.8651892240587
22|0.8893560033886884|1.1606738567352295|424949|0.9021126390632869|0.016345977783203125|284004|2162.9253805179833
23|0.8868612578294196|1.2685291767120361|446414|0.8997878258465253|0.016268014907836914|298340|2149.863262240222
24|0.8843735103174819|4.021084547042847|467879|0.897469003851102|0.017282724380493164|312676|2136.709372483091
25|0.8818927412225501|1.50553560256958|489344|0.8951561576371819|0.01948833465576172|327012|2123.4908796930067
26|0.879418930969363|1.5515708923339844|510809|0.8928492718047195|0.019297122955322266|341348|2110.231948363553
27|0.8769520600375734|1.6112239360809326|532274|0.890548330993356|0.020282506942749023|355684|2096.954062301005
28|0.8744921089615879|1.7543153762817383|553739|0.8882533198823178|0.023495197296142578|370020|2083.676310801902
29|0.8720390583304185|1.7770333290100098|575204|0.8859642231903141|0.021324872970581055|384356|2070.415642364527
30|0.8695928887875256|1.8950190544128418|596669|0.8836810256754342|0.023328065872192383|398692|2057.1870899181645
31|0.8671535810306676|1.9318361282348633|618134|0.881403712135049|0.02273082733154297|413028|2044.0039710315618
32|0.8647211158117486|2.0713446140289307|639599|0.8791322674057056|0.02303791046142578|427364|2030.8780661054604
33|0.8622954739366646|2.138798952102661|661064|0.8768666763630297|0.02419114112854004|441700|2017.8197771589782
34|0.8598766362651536|2.3106565475463867|682529|0.8746069239216236|0.027779817581176758|456036|2004.8382694894567
35|0.8574645837106452|2.358400583267212|703994|0.8723529950349656|0.026225566864013672|470372|1991.941598192769
36|0.8550592972401077|2.4991214275360107|725459|0.8701048746953095|0.027280807495117188|484708|1979.1368212830325
37|0.8526607578738999|2.5283963680267334|746924|0.8678625479335865|0.028998374938964844|499044|1966.4301009342896
38|0.8502689466856207|2.6539416313171387|768389|0.8656259998193028|0.02899956703186035|513380|1953.8267941787242
39|0.8478838448019598|2.745332717895508|789854|0.8633952154604425|0.029701709747314453|527716|1941.3315342378867
40|0.8455054334025476|2.8832085132598877|811319|0.8611701800033678|0.02994227409362793|542052|1928.948303517778
41|0.8431336937198097|3.0229811668395996|832784|0.8589508786327188|0.030357837677001953|556388|1916.680499178349
42|0.8407686070388153|3.145084857940674|854249|0.8567372965713171|0.03171372413635254|570724|1904.5309920798168
43|0.8384101546971314|3.2185959815979004|875714|0.8545294190800655|0.03331446647644043|585060|1892.5021798182006
44|0.836058318084677|3.3631279468536377|897179|0.8523272314578503|0.03431367874145508|599396|1880.5960344746793
45|0.8337130786435709|3.5143489837646484|918644|0.8501307190414449|0.033766746520996094|613732|1868.8141456353449
46|0.8313744178679929|3.598592758178711|940109|0.8479398672054093|0.03499960899353027|628068|1857.1577591805299
47|0.8290423173040313|3.710148334503174|961574|0.845754661361996|0.0346531867980957|642404|1845.6278122720212
48|0.8267167585495401|3.9023115634918213|983039|0.84357508696105|0.04015064239501953|656740|1834.22496493738
49|0.8243977232539942|4.020554780960083|1004504|0.8414011294899139|0.03772234916687012|671076|1822.9496285920923
50|0.8220851931183426|4.197370290756226|1025969|0.8392327744733301|0.051633358001708984|685412|1811.8019918128525
51|0.8197791498948668|4.273414850234985|1047434|0.8370700074733457|0.03857302665710449|699748|1800.7820436341356
52|0.8174795753870334|4.529299020767212|1068899|0.8349128140892141|0.038637399673461914|714084|1789.8895946184093
53|0.8151864514493543|4.642712116241455|1090364|0.8327611799573015|0.04599499702453613|728420|1779.124295915221
54|0.8128997599872403|4.80129337310791|1111829|0.8306150907509904|0.04191851615905762|742756|1768.485656511933
55|0.8106194829568594|5.134747266769409|1133294|0.828474532180583|0.04224991798400879|757092|1757.973058848395
56|0.8083456023649959|5.192427635192871|1154759|0.8263394899932087|0.04642605781555176|771428|1747.5857729557013
57|0.8060781002689056|5.246113061904907|1176224|0.8242099499727262|0.043179988861083984|785764|1737.322969260802
58|0.8038169587761771|5.53980016708374|1197689|0.8220858979396314|0.043598175048828125|800100|1727.1837301848418
59|0.8015621600445885|5.733012676239014|1219154|0.8199673197509609|0.048401832580566406|814436|1717.167060649265
60|0.7993136862819675|5.812267541885376|1240619|0.8178542013001996|0.04593849182128906|828772|1707.2718975927835
61|0.7970715197460511|5.963247060775757|1262084|0.8157465285171858|0.046946048736572266|843108|1697.4971185950849
62|0.7948356427443453|6.250963449478149|1283549|0.813644287368017|0.04768180847167969|857444|1687.8415496858734
63|0.7926060376339856|6.384443759918213|1305014|0.8115474638549577|0.048027753829956055|871780|1678.3039724197317
64|0.7903826868215976|7.641427755355835|1326479|0.8094560440163463|0.050377607345581055|886116|1668.8831302808728
