2|0.9994079699999999|0.0|9|0.99960399|0.0|20|45655.47987169481
3|0.9995842195906304|0.0|56|0.9995961303898808|0.0009999275207519531|212|11037088.714547506
4|0.9995839266103733|0.0019998550415039062|273|0.9995921028075127|0.000995635986328125|964|23582863.28261514
5|0.9995798966517397|0.00563812255859375|1297|0.9995880548654917|0.0010199546813964844|3364|23920023.910901576
6|0.9995757891745819|0.02636098861694336|6059|0.9995839869482613|0.0009989738464355469|10468|23922779.82963762
7|0.9995716609314289|0.1305396556854248|27727|0.9995798990560264|0.004992961883544922|30308|23920928.00674806
8|0.9995675126999712|0.52657151222229|124439|0.9995757911890331|0.005993843078613281|83300|23919014.12971732
9|0.9995633444904197|2.6017141342163086|549523|0.9995716633475272|0.00871586799621582|220004|23917096.221919525
10|0.9995591563031436|14.219372987747192|2395562|0.9995675155317576|0.014009714126586914|563044|23915175.022182897
11|0.9995549481383965|61.72790861129761|10336390|0.9995633477419713|0.030913352966308594|1404772|23913250.607968446
12|0.9995507199964323|260.35755443573|44232915|0.9995591599784186|0.09651923179626465|3432292|23911323.038873423
