8|0.9995675126999712|0.34963345527648926|124439|0.9995757911890331|0.00528717041015625|83300|23919014.12971732
9|0.9995654335918291|0.39125919342041016|145904|0.9995737322640078|0.008006811141967773|97636|23917919.052818663
10|0.9995633544880109|0.4164612293243408|167369|0.9995716733432235|0.007027149200439453|111972|23916552.75789353
11|0.9995612753885172|0.4470090866088867|188834|0.9995696144266806|0.0070002079010009766|126308|23914919.221964654
12|0.9995591962933477|0.5156309604644775|210299|0.9995675555143787|0.008992195129394531|140644|23913022.36259948
13|0.9995571172025028|0.5646567344665527|231764|0.9995654966063175|0.010006904602050781|154980|23910866.046394475
14|0.9995550381159828|0.6293926239013672|253229|0.9995634377024974|0.009142637252807617|169316|23908454.076701388
15|0.9995529590337868|0.6835803985595703|274694|0.9995613788029183|0.010182619094848633|183652|23905790.20049993
16|0.9995508799559155|0.7475295066833496|296159|0.99955931990758|0.011205196380615234|197988|23902878.117874295
17|0.9995488008823687|0.8216066360473633|317624|0.9995572610164828|0.013319969177246094|212324|23899721.468932632
18|0.9995467218131467|0.9262511730194092|339089|0.9995552021296265|0.013037443161010742|226660|23896323.846952315
19|0.9995446427482492|0.9633467197418213|360554|0.999553143247011|0.01436614990234375|240996|23892688.78922982
20|0.9995425636876762|1.0187742710113525|382019|0.9995510843686362|0.015021562576293945|255332|23888819.78485549
21|0.9995404846314271|1.0736751556396484|403484|0.9995490254945025|0.015221357345581055|269668|23884720.26510844
22|0.9995384055795032|1.1434941291809082|424949|0.9995469666246097|0.01611018180847168|284004|23880393.62866667
23|0.9995363265319033|1.2846088409423828|446414|0.9995449077589575|0.018133878707885742|298340|23875843.209630776
24|0.9995342474886281|4.066758155822754|467879|0.9995428488975463|0.018538951873779297|312676|23871072.303419013
25|0.9995321684496767|1.4373753070831299|489344|0.9995407900403762|0.019257307052612305|327012|23866084.149793208
26|0.9995300894150497|1.529496192932129|510809|0.9995387311874463|0.018804311752319336|341348|23860881.9564471
27|0.9995280103847476|1.5692863464355469|532274|0.9995366723387578|0.019260406494140625|355684|23855468.87372076
28|0.9995259313587698|1.7192425727844238|553739|0.9995346134943096|0.021538496017456055|370020|23849848.01358938
29|0.9995238523371163|1.8911142349243164|575204|0.9995325546541028|0.023009061813354492|384356|23844022.436137807
30|0.9995217733197875|1.8977727890014648|596669|0.9995304958181367|0.022461414337158203|398692|23837995.169841897
31|0.9995196943067829|1.9728977680206299|618134|0.9995284369864108|0.023321866989135742|413028|23831769.19230478
32|0.9995176152981028|2.110870122909546|639599|0.9995263781589262|0.02533555030822754|427364|23825347.43798898
33|0.9995155362937467|2.1437695026397705|661064|0.9995243193356826|0.025252819061279297|441700|23818732.800561436
34|0.9995134572937153|2.263184070587158|682529|0.9995222605166793|0.02514815330505371|456036|23811928.145234544
35|0.9995113782980078|2.36669659614563|703994|0.9995202017019168|0.026376724243164062|470372|23804936.277699787
36|0.9995092993066244|2.5067479610443115|725459|0.9995181428913946|0.02719593048095703|484708|23797759.97725803
37|0.9995072203195658|2.5258312225341797|746924|0.999516084085114|0.03325939178466797|499044|23790401.97974585
38|0.9995051413368312|2.701597213745117|768389|0.9995140252830736|0.029181241989135742|513380|23782864.98518968
39|0.999503062358421|2.766084671020508|789854|0.9995119664852742|0.03203296661376953|527716|23775151.65306392
40|0.9995009833843348|2.880669355392456|811319|0.9995099076917157|0.029488801956176758|542052|23767264.604979575
41|0.9994989044145732|3.0949625968933105|832784|0.9995078489023974|0.036394596099853516|556388|23759206.43464188
42|0.9994968254491363|3.2380034923553467|854249|0.9995057901173204|0.03463912010192871|570724|23750979.6883536
43|0.9994947464880234|3.2705554962158203|875714|0.9995037313364835|0.03265810012817383|585060|23742586.884818513
44|0.9994926675312344|3.3633227348327637|897179|0.9995016725598874|0.032915592193603516|599396|23734030.50002
45|0.9994905885787702|3.579437494277954|918644|0.9994996137875319|0.0332181453704834|613732|23725312.985733435
46|0.9994885096306303|3.701568841934204|940109|0.9994975550194173|0.0372772216796875|628068|23716436.75189611
47|0.9994864306868141|4.12778115272522|961574|0.9994954962555433|0.04149198532104492|642404|23707404.173561856
48|0.9994843517473229|4.237082242965698|983039|0.9994934374959098|0.04173445701599121|656740|23698217.6068398
49|0.999482272812155|4.335004806518555|1004504|0.9994913787405169|0.04105257987976074|671076|23688879.354840707
50|0.9994801938813117|4.643198251724243|1025969|0.9994893199893646|0.041980743408203125|685412|23679391.7067264
51|0.9994781149547926|4.563992977142334|1047434|0.9994872612424528|0.04599881172180176|699748|23669756.91180645
52|0.9994760360325976|4.7230024337768555|1068899|0.9994852024997816|0.04099917411804199|714084|23659977.18891132
53|0.9994739571147269|4.92304539680481|1090364|0.9994831437613514|0.0429990291595459|728420|23650054.72549845
54|0.9994718782011804|5.002815246582031|1111829|0.9994810850271616|0.042574405670166016|742756|23639991.684091058
55|0.9994697992919577|5.144224643707275|1133294|0.9994790262972126|0.04627346992492676|757092|23629790.18977908
56|0.9994677203870589|5.3349387645721436|1154759|0.999476967571504|0.04200887680053711|771428|23619452.346768036
57|0.999465641486485|5.25993275642395|1176224|0.9994749088500355|0.04505300521850586|785764|23608980.231941685
58|0.9994635625902347|5.463024616241455|1197689|0.999472850132808|0.044155120849609375|800100|23598375.880165923
59|0.9994614836983086|5.720013380050659|1219154|0.9994707914198211|0.04400920867919922|814436|23587641.3091309
60|0.9994594048107069|5.8910651206970215|1240619|0.9994687327110747|0.04900002479553223|828772|23576778.511178598
61|0.9994573259274292|6.214570760726929|1262084|0.9994666740065687|0.04866170883178711|843108|23565789.444930512
62|0.999455247048476|6.39829683303833|1283549|0.999464615306303|0.04999971389770508|857444|23554676.04801768
63|0.9994531681738464|6.512380838394165|1305014|0.9994625566102783|0.04784369468688965|871780|23543440.222208634
64|0.9994510893035409|7.641260385513306|1326479|0.9994604979184936|0.04859423637390137|886116|23532083.855142985
