2|0.9477000000000001|0.0|9|0.9639|0.0|20
3|0.9469848152790001|0.0|56|0.957328901001|0.0011332035064697266|212
4|0.9440850444356459|0.0011265277862548828|273|0.953282489931826|0.0|964
5|0.9398131321152046|0.0019991397857666016|1297|0.9490381653576345|0.0009992122650146484|3364
6|0.9350876986506163|0.013345718383789062|6059|0.9446243525983127|0.0010001659393310547|10468
7|0.9301434393241941|0.06499934196472168|27727|0.9400433664333689|0.002000570297241211|30308
8|0.9250282165299389|0.3162524700164795|124439|0.9352978442313694|0.004999876022338867|83300
9|0.9197526665920968|1.463939905166626|549523|0.9303905065076412|0.012975454330444336|220004
10|0.9143210467948016|7.100084066390991|2395562|0.9253241564520474|0.03139519691467285|563044
11|0.9087366618879841|31.10531520843506|10336390|0.9201016772438566|0.06872010231018066|1404772
12|0.903002735137423|146.90705108642578|44232915|0.9147260293204699|0.1623835563659668|3432292
