8|9.650434224633553e-05|0.32840561866760254|124439|0.003491072984464454|0.00600433349609375|83300
9|4.048619118079596e-05|0.3551371097564697|145904|0.0019818740181905053|0.00600123405456543|97636
10|1.6967391575454362e-05|0.3933277130126953|167369|0.0011251061062495585|0.006011962890625|111972
11|7.107455944437829e-06|0.44924497604370117|188834|0.0006387205238674925|0.006816864013671875|126308
12|2.97657162967185e-06|0.5011451244354248|210299|0.00036260039120456617|0.008579730987548828|140644
13|1.246446122765972e-06|0.5770473480224609|231764|0.0002058475318540897|0.00900721549987793|154980
14|5.219270344681959e-07|0.6250262260437012|253229|0.00011685924067795817|0.009963750839233398|169316
15|2.1854273357215528e-07|0.7011547088623047|274694|6.634076205867414e-05|0.008313655853271484|183652
16|9.150786896235162e-08|0.756781816482544|296159|3.766152068957241e-05|0.011311531066894531|197988
17|3.8315845916000213e-08|0.826716423034668|317624|2.138037153379303e-05|0.012342691421508789|212324
18|1.6043437315017863e-08|0.8697311878204346|339089|1.2137595045376741e-05|0.013086557388305664|226660
19|6.717628355892635e-09|0.945636510848999|360554|6.89048893526942e-06|0.014000415802001953|240996
20|2.812770606606772e-09|1.0095348358154297|382019|3.9117170732397575e-06|0.015375614166259766|255332
21|1.1777484982777549e-09|1.0885944366455078|403484|2.220674121215625e-06|0.01633930206298828|269668
22|4.931405985167872e-10|1.1627037525177002|424949|1.2606723493303458e-06|0.017222166061401367|284004
23|2.0648520330925487e-10|1.2748324871063232|446414|7.156812236349623e-07|0.01636791229248047|298340
24|8.645838195728902e-11|4.038858890533447|467879|4.062908289657589e-07|0.01800680160522461|312676
25|3.62013917348098e-11|1.4085376262664795|489344|2.3065050786616653e-07|0.019295215606689453|327012
26|1.515805324476552e-11|1.5241613388061523|510809|1.3093984157689186e-07|0.018999099731445312|341348
27|6.346899018005617e-12|1.5820763111114502|532274|7.433429161200873e-08|0.020716428756713867|355684
28|2.6575396228004046e-12|1.6972708702087402|553739|4.2199431761297504e-08|0.02022719383239746|370020
29|1.112750781645439e-12|1.7623944282531738|575204|2.3956534761524744e-08|0.023281335830688477|384356
30|4.65925057579106e-13|1.8929297924041748|596669|1.3600077864235611e-08|0.022423982620239258|398692
31|1.9508964885761514e-13|1.9469423294067383|618134|7.720737567201447e-09|0.022009849548339844|413028
32|8.168689464198782e-14|2.0869855880737305|639599|4.383047595510665e-09|0.025315523147583008|427364
33|3.4203499750874485e-14|2.1337995529174805|661064|2.488247535588147e-09|0.025273799896240234|441700
34|1.4321506532020807e-14|2.273317575454712|682529|1.4125732526158286e-09|0.025945663452148438|456036
35|5.9966246389878536e-15|2.344501256942749|703994|8.019150689258163e-10|0.026749372482299805|470372
36|2.510874605296171e-15|2.5072622299194336|725459|4.5524561404475995e-10|0.02902388572692871|484708
37|1.0513399892541285e-15|2.6223607063293457|746924|2.584420434755077e-10|0.029013872146606445|499044
38|4.402114588569625e-16|2.8545117378234863|768389|1.4671704191142221e-10|0.03000044822692871|513380
39|1.8432298827176943e-16|2.808009386062622|789854|8.32909773416105e-11|0.030333995819091797|527716
40|7.717873608662854e-17|2.9414784908294678|811319|4.728412470794631e-11|0.032956600189208984|542052
41|3.2315867704720035e-17|3.0158982276916504|832784|2.684310498875205e-11|0.03200244903564453|556388
42|1.3531127334564816e-17|3.177035331726074|854249|1.5238778128763228e-11|0.0346674919128418|570724
43|5.6656812875076545e-18|3.2571358680725098|875714|8.651024497910313e-12|0.034003496170043945|585060
44|2.3723037746911142e-18|3.4005608558654785|897179|4.911169664067966e-12|0.03489065170288086|599396
45|9.933183519910612e-19|3.505556583404541|918644|2.78806139955882e-12|0.03661489486694336|613732
46|4.15916949139748e-19|3.6569886207580566|940109|1.5827769959939036e-12|0.03597116470336914|628068
47|1.7415052106403887e-19|3.7679364681243896|961574|8.98539400690352e-13|0.035558462142944336|642404
48|7.291937500889367e-20|3.9738609790802|983039|5.100990579446649e-13|0.03844594955444336|656740
49|3.05324108087647e-20|4.06905460357666|1004504|2.8958223614470424e-13|0.039028167724609375|671076
50|1.278436779911336e-20|4.244331121444702|1025969|1.643952683003467e-13|0.0384068489074707|685412
51|5.3530021276960245e-21|4.320163726806641|1047434|9.332687183905219e-14|0.03864407539367676|699748
52|2.2413804287690686e-21|4.577962160110474|1068899|5.2981482358422054e-14|0.04089689254760742|714084
53|9.38498828624843e-22|4.672468900680542|1090364|3.007748376841229e-14|0.041559696197509766|728420
54|3.929632114321233e-22|4.779359340667725|1111829|1.707492862730933e-14|0.0416412353515625|742756
55|1.64539454743183e-22|4.980225324630737|1133294|9.693403539756873e-15|0.043671607971191406|757092
56|6.889508070874553e-23|5.136659622192383|1154759|5.502926204581017e-15|0.04399871826171875|771428
57|2.884737981703572e-23|5.257352113723755|1176224|3.1240004286279794e-15|0.04432320594787598|785764
58|1.2078820632003186e-23|5.398524045944214|1197689|1.7734889248457329e-15|0.046265602111816406|800100
59|5.057579190396568e-24|5.559200763702393|1219154|1.006806189182193e-15|0.05230426788330078|814436
60|2.1176825160694757e-24|5.8068461418151855|1240619|5.715619017264193e-16|0.04700160026550293|828772
61|8.867047000236306e-25|5.888395309448242|1262084|3.244745721820389e-16|0.04874730110168457|843108
62|3.7127625084392114e-25|6.274106025695801|1283549|1.8420357913063233e-16|0.0498661994934082|857444
63|1.5545880656440037e-25|6.289875268936157|1305014|1.0457201110199461e-16|0.05271649360656738|871780
64|6.509288025693643e-26|7.3257691860198975|1326479|5.936532589391575e-17|0.0494687557220459|886116
