8|0.9995675126999712|0.5558371543884277|124439|0.9995757911890331|0.007016181945800781|83300
9|0.9995654335918291|0.7441813945770264|145904|0.9995737322640078|0.006838798522949219|97636
10|0.9995633544880109|0.7464439868927002|167369|0.9995716733432235|0.01000666618347168|111972
11|0.9995612753885172|0.8433520793914795|188834|0.9995696144266806|0.009992122650146484|126308
12|0.9995591962933477|1.1118524074554443|210299|0.9995675555143787|0.007997989654541016|140644
13|0.9995571172025028|1.1642684936523438|231764|0.9995654966063175|0.009018182754516602|154980
14|0.9995550381159828|1.4701433181762695|253229|0.9995634377024974|0.009993553161621094|169316
15|0.9995529590337868|1.544640302658081|274694|0.9995613788029183|0.011998891830444336|183652
16|0.9995508799559155|1.6521124839782715|296159|0.99955931990758|0.014002084732055664|197988
17|0.9995488008823687|1.7911977767944336|317624|0.9995572610164828|0.013592004776000977|212324
18|0.9995467218131467|1.9013898372650146|339089|0.9995552021296265|0.013994216918945312|226660
19|0.9995446427482492|2.1039090156555176|360554|0.999553143247011|0.016874074935913086|240996
20|0.9995425636876762|2.1312408447265625|382019|0.9995510843686362|0.019698143005371094|255332
21|0.9995404846314271|2.2903716564178467|403484|0.9995490254945025|0.016991138458251953|269668
22|0.9995384055795032|2.7817301750183105|424949|0.9995469666246097|0.024521827697753906|284004
23|0.9995363265319033|2.8550972938537598|446414|0.9995449077589575|0.02836918830871582|298340
24|0.9995342474886281|2.7493696212768555|467879|0.9995428488975463|0.017157316207885742|312676
25|0.9995321684496767|3.313096761703491|489344|0.9995407900403762|0.020945072174072266|327012
26|0.9995300894150497|3.168750524520874|510809|0.9995387311874463|0.021999597549438477|341348
27|0.9995280103847476|3.4142489433288574|532274|0.9995366723387578|0.01987314224243164|355684
28|0.9995259313587698|3.8820927143096924|553739|0.9995346134943096|0.031511783599853516|370020
29|0.9995238523371163|3.6013600826263428|575204|0.9995325546541028|0.021245956420898438|384356
30|0.9995217733197875|3.9127960205078125|596669|0.9995304958181367|0.022576093673706055|398692
31|0.9995196943067829|4.475975513458252|618134|0.9995284369864108|0.02685999870300293|413028
32|0.9995176152981028|4.4668128490448|639599|0.9995263781589262|0.023253679275512695|427364
33|0.9995155362937467|4.614372968673706|661064|0.9995243193356826|0.029644250869750977|441700
34|0.9995134572937153|4.501829147338867|682529|0.9995222605166793|0.025979280471801758|456036
35|0.9995113782980078|5.59473729133606|703994|0.9995202017019168|0.029207706451416016|470372
36|0.9995092993066244|5.996849060058594|725459|0.9995181428913946|0.04450082778930664|484708
37|0.9995072203195658|6.161581993103027|746924|0.999516084085114|0.044402122497558594|499044
38|0.9995051413368312|6.472592353820801|768389|0.9995140252830736|0.03516960144042969|513380
39|0.999503062358421|7.013570785522461|789854|0.9995119664852742|0.03432607650756836|527716
40|0.9995009833843348|7.147950887680054|811319|0.9995099076917157|0.03261876106262207|542052
41|0.9994989044145732|7.603453874588013|832784|0.9995078489023974|0.04168415069580078|556388
42|0.9994968254491363|6.919715166091919|854249|0.9995057901173204|0.042859792709350586|570724
43|0.9994947464880234|7.070721864700317|875714|0.9995037313364835|0.043042659759521484|585060
44|0.9994926675312344|7.368232011795044|897179|0.9995016725598874|0.038977622985839844|599396
45|0.9994905885787702|9.154074430465698|918644|0.9994996137875319|0.04429173469543457|613732
46|0.9994885096306303|8.393172264099121|940109|0.9994975550194173|0.03298139572143555|628068
47|0.9994864306868141|6.874746084213257|961574|0.9994954962555433|0.03162717819213867|642404
48|0.9994843517473229|7.265349388122559|983039|0.9994934374959098|0.03921651840209961|656740
49|0.999482272812155|7.584676504135132|1004504|0.9994913787405169|0.03290367126464844|671076
50|0.9994801938813117|7.697120666503906|1025969|0.9994893199893646|0.03332710266113281|685412
51|0.9994781149547926|7.781418800354004|1047434|0.9994872612424528|0.03414177894592285|699748
52|0.9994760360325976|7.985737562179565|1068899|0.9994852024997816|0.03936457633972168|714084
53|0.9994739571147269|8.547736883163452|1090364|0.9994831437613514|0.035977840423583984|728420
54|0.9994718782011804|8.672096729278564|1111829|0.9994810850271616|0.03829383850097656|742756
55|0.9994697992919577|9.22479796409607|1133294|0.9994790262972126|0.03491091728210449|757092
56|0.9994677203870589|12.24852991104126|1154759|0.999476967571504|0.05823469161987305|771428
57|0.999465641486485|11.249229907989502|1176224|0.9994749088500355|0.04758310317993164|785764
58|0.9994635625902347|11.708659648895264|1197689|0.999472850132808|0.08036327362060547|800100
59|0.9994614836983086|12.185319900512695|1219154|0.9994707914198211|0.05208396911621094|814436
60|0.9994594048107069|12.284113883972168|1240619|0.9994687327110747|0.047151803970336914|828772
61|0.9994573259274292|13.09310269355774|1262084|0.9994666740065687|0.05162525177001953|843108
62|0.999455247048476|13.472444534301758|1283549|0.999464615306303|0.04743313789367676|857444
63|0.9994531681738464|13.70025634765625|1305014|0.9994625566102783|0.05205965042114258|871780
64|0.9994510893035409|15.418036460876465|1326479|0.9994604979184936|0.05382847785949707|886116
