1.0000000000000004e-06|436368873.2680362|1639886396.43292|38923191919.04613
1.1417351024761897e-06|382197946.89658624|1436310527.476484|34091224149.80997
1.3035590442263126e-06|334751813.4806708|1258006645.2653735|29859133585.859207
1.4883191189434923e-06|293195634.62266487|1101837391.9735289|26152425984.077393
1.699266181784217e-06|256798252.14331406|965054981.9973862|22905847081.374382
1.940111848193726e-06|224919241.17217126|845252794.4645277|20062298051.709846
2.2150937998127284e-06|196997695.45670548|740322815.9716635|17571779126.830776
2.529050346523557e-06|172542330.92461097|648418880.3364666|15390401340.365759
2.88750555655551e-06|151122859.87500024|567923909.7068176|13479831090.569584
3.296766452514471e-06|132362402.98580581|497421580.1175591|11806441037.28995
3.7640339835016726e-06|115930871.64522429|435671424.95653313|10340780256.492523
4.297529725877133e-06|101539151.1647094|381586933.3727671|9057070127.41915
4.90664054196879e-06|88934020.84659411|334216498.91982514|7932721006.583507
5.602083741998561e-06|77893692.32632104|292726635.91802895|6947947011.856663
6.3960956552509204e-06|68223910.93963645|256387325.11641034|6085423888.387627
7.302646928395405e-06|59754537.49932746|224559182.76726764|5329973372.988559
8.337688339138957e-06|52336552.782171346|196682188.50273398|4668306068.175769
9.519431450301328e-06|45839437.37803834|172265845.20036334|4088777315.6368933
1.0868669042424846e-05|40148874.44719576|150880549.7174272|3581190759.53292
1.2409140962932717e-05|35164738.53138235|132150027.33197996|3136616309.3147674
1.4167951828955438e-05|30799333.755570058|115744713.5768566|2747232005.164575
1.617604793331012e-05|26975850.723796535|101375956.92150663|2406185768.5344353
1.846876174479758e-05|23627015.23003793|88790939.30728142|2107476877.198456
2.108643358330479e-05|20693904.48324536|77768226.69090189|1845849564.029821
2.407512140809181e-05|18124910.381581564|68113874.49708284|1616700827.1807182
2.74874112079944e-05|15874831.44488737|59658014.63473065|1415998531.3826022
3.138334225236458e-05|13904077.528711362|52251866.05343139|1240211616.44388
3.58314634825488e-05|12177973.17401047|45765117.376909405|1086246809.842312
4.091003963111961e-05|10666147.583826387|40083634.33919259|951395277.9269633
4.670842829054131e-05|9342000.162969304|35107451.17961715|833284173.5243021
5.332865216080283e-05|8182232.527318832|30749011.778539535|729835370.2634363
6.0887194139731263e-05|7166438.555900683|26931629.505247965|639228748.4770873
6.951704684061371e-05|6276745.339501489|23588137.417983275|559870030.5068034
7.937005259841e-05|5497498.723802875|20659706.71636661|490362914.4378268
9.0619575136986e-05|4814987.856061728|18094811.72428443|429484420.3702839
0.00010346354990537545|4217203.951482353|15848323.020129247|376163380.119625
0.00011812796675376416|3693628.996962822|13880713.623492876|329461628.0091247
0.00013487084622691256|3235050.6850724835|12157363.441005906|288557423.84962755
0.00015398677943793436|2833400.328637776|10647950.122309033|252731078.31076154
0.00017581211140154805|2481610.884788237|9325915.510470591|221352217.87496877
0.00020073085902760164|2173492.615849465|8167998.401163095|193868735.61847937
0.00022918146790201226|1903624.177323484|7153825.225911411|169797050.41200042
0.000261664526740747|1667257.2321798753|6265551.606617015|148713629.04145092
0.00029875157525272977|1460232.9016565273|5487548.357812447|130247505.68221715
0.0003410951603860984|1278908.590869936|4806126.503857651|114073768.4523001
0.00038944031789755394|1120093.8970283966|4209296.4240804985|99907839.89541854
0.00044463768126312307|980994.4741205989|3686556.8848852753|87500471.39541543
0.0005076584485817265|859162.8665385961|3228710.2812764468|76633354.7489646
0.0005796114708143602|752455.4461791812|2827700.797784166|67115282.6771842
0.0006617627620266084|658994.6949440675|2476472.669509813|58778785.27732132
0.0007555577749173751|577136.1701415365|2168846.0337121966|51477181.56694685
0.00086264683357197|505439.57023343426|1899408.197208138|45081999.36457677
0.0009849141709290525|442643.39296069636|1663418.3990500427|39480715.67238346
0.0011245110818759317|387642.7389972511|1456724.3963692028|34574775.987742804
0.0012838937753012261|339469.871351195|1275689.4066546513|30277860.020457454
0.0014658665911120856|297277.18799735897|1117128.117369171|26514363.61551629
0.001673631342619778|260322.30830008903|978250.6414861196|23218068.06203873
0.0019108436524733524|227955.01081226973|856613.4284328126|20330974.90555555
0.002181677273372637|199605.79265017854|750076.2703091335|17802285.753234964
0.0024908975252840807|174775.84907082692|656764.6449807398|15587508.332555361
0.0028439451412879038|153028.29699504972|575036.7335563469|13647673.584614022
0.0032470319973249995|133980.48805072944|503454.53266886686|11948650.096196711
0.0037072504102093236|117297.27586912978|440758.55287357664|10460543.5487249
0.004232697927005229|102685.11918487723|385845.65785281354|9157170.680212015
0.0048326198014400695|89886.9169717691|337749.6547395769|8015598.646285916
0.005517571664225639|78677.4847462137|295624.2939136734|7015741.470418681
0.006299605249474366|68859.5924503159|258728.37928969477|6140006.657696518
0.007192480445068155|60260.494180742986|226412.72691322013|5372985.6475973455
0.008211907398007864|52728.88872706369|198108.742595964|4701182.695891988
0.009375822934589485|46132.257424674746|173318.41748835394|4112777.4271035665
0.010704706159022111|40354.53248653803|151605.56559199904|3597416.8421975123
0.012221938783448605|35294.05479086105|132588.1490877361|3146033.1688615144
0.01395421652937838|30861.785187280584|115931.55636215495|2750684.306983903
0.015932018839144756|26979.737852247723|101342.71451778608|2404414.0899344864
0.018190145161963486|23579.608127798205|88564.93275251226|2101129.8895468167
0.02076832725055114|20601.57070034251|77373.38588127564|1835495.418267972
0.023711928241667037|17993.22697384553|67571.15853629846|1602836.8347140192
0.02707274082090771|15708.683115842347|58985.78043921356|1399060.5095414189
0.030909898515470376|13707.742554911194|51466.19178352984|1220580.996081644
0.03529091614908912|11955.198721671031|44880.08533772523|1064257.946005699
0.04029287776595887|10420.215588478783|39111.57849694197|927340.8536917533
0.046003792925177533|9075.785109081151|34059.17432708166|807420.6616787774
0.05252414522972096|7898.252011418424|29633.975725806562|702387.3731930217
0.0599686603363296|6866.897582378304|25758.12127602229|610392.9265283971
0.06846832455445906|5963.575121164138|22363.415273182236|529818.6785438496
0.07817268955155816|5172.390646968112|19390.12781986389|459246.9246941038
0.08925250371598759|4479.423242887456|16785.943876530004|397435.9542469751
0.10190271647642955|3872.480115360411|14505.042775765796|343298.20264812134
0.11634590843881815|3340.882059127807|12507.292004299756|295881.11560716503
0.13283620769407936|2875.2755525870602|10757.541066824348|254350.38900968197
0.1516637612041478|2467.468176690814|9225.003006361603|217975.28927914132
0.17315983994034198|2110.2844605914684|7882.712698048865|186115.7960961946
0.1977026675990465|1797.4396159051955|6707.052383005168|158211.34123416693
0.22572407545101336|1523.4289350427707|5677.336090802558|133770.94533126891
0.25771710041640533|1283.4309023617284|4775.445632558018|112364.57905978904
0.2942446600537909|1073.222303730308|3985.5117490833977|93615.59668500713
0.33594945709958585|889.1038219969882|3293.634782153565|77194.10886537531
0.38356528782841576|727.8347700662723|2687.639908778154|62811.17802242603
0.4379299532050853|586.5757256749191|2156.86252888833|50213.73402786911
0.5|462.83784369457584|1691.9597733632988|39180.120468628505
