1|16|29|0.9999908681431197|0.0010175704956054688|4|5|329|0.9999909601433083|0.0019981861114501953|8|1520
2|19|33|0.9999837905419331|0.0010137557983398438|4|4|218|0.9999879507674936|0.0019826889038085938|8|1448
3|9|18|0.9999969396022239|0.0019981861114501953|5|5|232|0.9999969501071398|0.0009911060333251953|9|2592
4|12|20|0.9998898014247105|0.0009992122650146484|4|4|136|0.9999909809300069|0.000997781753540039|6|528
5|4|6|0.999995971194|0.0|4|3|23|0.9999960005969999|0.0|5|72
6|24|48|0.9999878589895121|0.0030024051666259766|5|6|837|0.9999879402716195|0.001995563507080078|11|12128
7|13|24|0.999991909634711|0.0009810924530029297|5|5|324|0.9999919704301476|0.0010008811950683594|9|2448
8|16|32|0.9999928886273336|0.002974987030029297|5|5|766|0.9999939400164106|0.0009992122650146484|9|3712
9|19|34|0.9999837402386519|0.0009987354278564453|4|4|227|0.9999869710732103|0.0009882450103759766|7|1296
10|9|15|0.9999928902394739|0.0010025501251220703|4|4|77|0.9999939705170873|0.0|6|360
11|7|11|0.9999929013620181|0.0|4|3|58|0.9999939907109284|0.001001119613647461|6|232
12|17|36|0.9999939298966114|0.018988609313964844|6|6|3937|0.9999949299123622|0.0030052661895751953|12|19264
13|6|9|0.9999929124486602|0.00099945068359375|4|3|41|0.9999940009038802|0.0009982585906982422|5|136
14|18|32|0.9998818549546772|0.0009996891021728516|4|3|172|0.9999879709582629|0.0019981861114501953|8|1128
15|23|39|0.999981739141893|0.0040013790130615234|6|6|802|0.9999819719422042|0.001995086669921875|9|4136
16|23|40|0.9997828046272204|0.0029976367950439453|5|6|656|0.9999849314077641|0.0009992122650146484|10|3400
17|6|11|0.9999979592064024|0.00099945068359375|4|3|63|0.9999979600070694|0.0|7|544
18|4|6|0.999995971194|0.0|4|3|23|0.9999960005969999|0.0|5|72
19|9|17|0.9999949598001701|0.0010051727294921875|4|4|119|0.9999949801110897|0.0010020732879638672|8|1040
20|16|30|0.9999918887360948|0.0020003318786621094|5|5|561|0.9999919501343592|0.0009982585906982422|9|2976
21|18|37|0.9999909198395917|0.003997802734375|5|5|723|0.9999909603372583|0.002998828887939453|11|13800
22|7|14|0.9999979694990336|0.0|5|4|159|0.9999979698040805|0.0010001659393310547|8|1160
23|9|16|0.9999939299214667|0.000997304916381836|4|3|89|0.9999939804150484|0.0|8|2064
24|31|51|0.9999643664830526|0.004994869232177734|5|5|531|0.9999739829990915|0.00299835205078125|8|2664
25|9|15|0.9999918906590651|0.0|4|3|72|0.9999929906160272|0.0009996891021728516|6|328
26|27|49|0.999879743150655|0.0029997825622558594|5|5|593|0.9999819812333662|0.0020093917846679688|8|2952
28|27|47|0.9999746622506785|0.007151126861572266|5|6|846|0.9999789720943767|0.0029990673065185547|9|3808
29|34|71|0.9999828094648967|0.04097580909729004|6|7|9481|0.9999829107433333|0.006995439529418945|15|177824
30|12|23|0.9999919503222114|0.0019991397857666016|4|5|291|0.9999919903260682|0.0010097026824951172|10|4616
31|21|37|0.9999817702949799|0.0029981136322021484|5|5|423|0.9999849810961984|0.0019872188568115234|8|1776
32|19|33|0.9998808259420008|0.0029990673065185547|5|5|368|0.9999859613882767|0.0009989738464355469|10|3780
33|29|60|0.9999858495968705|0.038977622985839844|6|8|8597|0.9999859205949962|0.0040094852447509766|13|41448
34|36|70|0.9999817890603895|0.03298020362854004|6|7|7742|0.9999819006586962|0.0029888153076171875|12|25344
35|14|25|0.9999899008285865|0.0030100345611572266|5|5|467|0.9999909804312176|0.0009915828704833984|9|1736
36|29|56|0.9998838002533456|0.011981725692749023|5|6|1236|0.9999839208280914|0.006995677947998047|10|9672
37|20|38|0.99998682028512|0.0029981136322021484|5|5|660|0.9999889405595458|0.0019991397857666016|9|2800
38|31|64|0.9999868380681516|0.005026340484619141|5|6|1300|0.9999869398758249|0.003997087478637695|9|9960
39|61|124|0.9998676830601714|1.930736780166626|9|10|415148|0.9999708509142526|0.02898406982421875|18|655664
40|23|43|0.9999827599904159|0.00531458854675293|4|4|347|0.9999839615114325|0.0019989013671875|9|4320
41|18|32|0.9997868635642421|0.002007722854614258|4|4|263|0.9999879709582632|0.0009989738464355469|8|1952
42|36|68|0.9803749658649018|0.009361028671264648|5|5|1139|0.9999709828842044|0.006995439529418945|14|94664
43|31|58|0.9999797303379039|0.040300846099853516|5|7|1732|0.9999809213723211|0.003013134002685547|11|11816
44|78|150|0.9999414152391747|0.570671796798706|7|10|109961|0.999944915359288|0.023983240127563477|17|979144
45|55|102|0.9998575373489202|0.1279287338256836|6|9|15209|0.999958964585932|0.008994817733764648|11|30408
46|60|116|0.9996556568027777|0.12294721603393555|6|7|6477|0.9999539746997917|0.015990734100341797|16|247616
47|48|86|0.9999635105302467|0.09392762184143066|7|8|5798|0.999965923251183|0.005997180938720703|12|28296
48|52|97|0.9997596927175281|0.5546820163726807|8|10|127626|0.9999619435867728|0.028004169464111328|18|1539264
49|60|111|0.9997535801263369|0.17090225219726562|6|8|19417|0.9999569341824103|0.007996320724487305|13|63760
50|36|74|0.999980829481018|0.13092589378356934|6|7|5843|0.9999809404730762|0.0040187835693359375|14|119048
51|58|123|0.9999636509853724|0.17689800262451172|7|8|24262|0.9999639225195833|0.030004262924194336|18|1380176
52|77|146|0.979962207506054|3.290955066680908|8|10|627886|0.9999478846135759|0.03799772262573242|20|2288864
53|73|122|0.9996232425156023|0.16090846061706543|6|7|9720|0.9999369593854894|0.00899505615234375|13|47336
55|208|390|0.9796555236350096|904.1919982433319|12|14|148274713|0.9998557510449613|87.77995419502258|31|4618813632
56|184|364|0.9996728092473518|70.63448691368103|10|14|11409968|0.999881724102108|25.173561573028564|28|1514586752
58|406|785|0.9881365774453597|361.11988735198975|10|15|50052739|0.999706465424866|1.3272380828857422|24|92481184
