1|16|29|0.9999908681431197|0.009550333023071289|4|5|329|0.9999909601433083|0.0|8|1520|4116165251.406984
2|19|33|0.9999837905419331|0.0005576610565185547|4|4|218|0.9999879507674936|0.0|8|1448|2966435.081570551
3|9|18|0.9999969396022239|0.0|5|5|232|0.9999969501071398|0.001168966293334961|9|2592|106277285070.3718
4|12|20|0.9998898014247105|0.0|4|4|136|0.9999909809300069|0.0|6|528|10996.508839370115
5|4|6|0.999995971194|0.0|4|3|23|0.9999960005969999|0.0|5|72|17812141601.159683
6|24|48|0.9999878589895121|0.0022497177124023438|5|6|837|0.9999879402716195|0.0012607574462890625|11|12128|7026842175.930414
7|13|24|0.999991909634711|0.006601095199584961|5|5|324|0.9999919704301476|0.0|9|2448|8365356434.044746
8|16|32|0.9999928886273336|0.008235931396484375|5|5|766|0.9999939400164106|0.0|9|3712|22241614.474497087
9|19|34|0.9999837402386519|0.0|4|4|227|0.9999869710732103|0.0|7|1296|5175771.172792964
10|9|15|0.9999928902394739|0.0|4|4|77|0.9999939705170873|9.512901306152344e-05|6|360|20997456.62380085
11|7|11|0.9999929013620181|0.0|4|3|58|0.9999939907109284|0.0005013942718505859|6|232|20593011.369129457
12|17|36|0.9999939298966114|0.024814367294311523|6|6|3937|0.9999949299123622|0.004812002182006836|12|19264|20715178.755239
13|6|9|0.9999929124486602|0.0|4|3|41|0.9999940009038802|0.0|5|136|20592830.18662112
14|18|32|0.9998818549546772|0.001026153564453125|4|3|172|0.9999879709582629|0.0|8|1128|11724.483765285273
15|23|39|0.999981739141893|0.003557443618774414|6|6|802|0.9999819719422042|0.0017807483673095703|9|4136|1283156591.6724238
16|23|40|0.9997828046272204|0.0075833797454833984|5|6|656|0.9999849314077641|0.0005190372467041016|10|3400|5088.616685991775
17|6|11|0.9999979592064024|0.0|4|3|63|0.9999979600070694|0.0010089874267578125|7|544|12224329843424.219
18|4|6|0.999995971194|0.0|4|3|23|0.9999960005969999|0.0|5|72|17812141601.159683
19|9|17|0.9999949598001701|0.0005097389221191406|4|4|119|0.9999949801110897|0.0|8|1040|46801739921.62758
20|16|30|0.9999918887360948|0.002052783966064453|5|5|561|0.9999919501343592|0.001519918441772461|9|2976|8222778751.141378
21|18|37|0.9999909198395917|0.0|5|5|723|0.9999909603372583|0.0|11|13800|21202163551.021362
22|7|14|0.9999979694990336|0.0|5|4|159|0.9999979698040805|0.0005004405975341797|8|1160|83805001273999.77
23|9|16|0.9999939299214667|0.0007493495941162109|4|3|89|0.9999939804150484|0.008111000061035156|8|2064|9093829687.176939
24|31|51|0.9999643664830526|0.0011830329895019531|5|5|531|0.9999739829990915|0.0066797733306884766|8|2664|1206669.3264096836
25|9|15|0.9999918906590651|0.0|4|3|72|0.9999929906160272|0.0|6|328|23387600.918527406
26|27|49|0.999879743150655|0.0021708011627197266|5|5|593|0.9999819812333662|0.0|8|2952|15237.150508718287
28|27|47|0.9999746622506785|0.0040531158447265625|5|6|846|0.9999789720943767|0.0|9|3808|4635964.303707757
29|34|71|0.9999828094648967|0.05142092704772949|6|7|9481|0.9999829107433333|0.017159700393676758|15|177824|6411834674.691438
30|12|23|0.9999919503222114|0.006141185760498047|4|5|291|0.9999919903260682|0.0|10|4616|19256340238.80866
31|21|37|0.9999817702949799|0.0|5|5|423|0.9999849810961984|0.0|8|1776|5981430.242037525
32|19|33|0.9998808259420008|0.006192207336425781|5|5|368|0.9999859613882767|0.0|10|3780|12824.159103702767
33|29|60|0.9999858495968705|0.049683332443237305|6|8|8597|0.9999859205949962|0.0071620941162109375|13|41448|10746263791.613016
34|36|70|0.9999817890603895|0.04089665412902832|6|7|7742|0.9999819006586962|0.005085468292236328|12|25344|5593385643.373265
35|14|25|0.9999899008285865|0.00442051887512207|5|5|467|0.9999909804312176|0.0|9|1736|30886871.67985318
36|29|56|0.9998838002533456|0.009459972381591797|5|6|1236|0.9999839208280914|0.0|10|9672|14806.94403993102
37|20|38|0.99998682028512|0.006716728210449219|5|5|660|0.9999889405595458|0.008780956268310547|9|2800|10035153.998537837
38|31|64|0.9999868380681516|0.002168416976928711|5|6|1300|0.9999869398758249|0.0|9|9960|4852331551.71262
39|61|124|0.9998676830601714|1.7202808856964111|9|10|415148|0.9999708509142526|0.07847309112548828|18|655664|19798.2684763006
40|23|43|0.9999827599904159|0.008346796035766602|4|4|347|0.9999839615114325|0.0|9|4320|43724212.71892796
41|18|32|0.9997868635642421|0.0015094280242919922|4|4|263|0.9999879709582632|0.0|8|1952|4665.975575908252
42|36|68|0.9803749658649018|0.0047800540924072266|5|5|1139|0.9999709828842044|0.008639335632324219|14|94664|17.702543554442517
43|31|58|0.9999797303379039|0.0314640998840332|5|7|1732|0.9999809213723211|0.008095502853393555|11|11816|52721700.84459791
44|78|150|0.9999414152391747|0.5016498565673828|7|10|109961|0.999944915359288|0.09279251098632812|17|979144|17631702.07582466
45|55|102|0.9998575373489202|0.10838580131530762|6|9|15209|0.999958964585932|0.0|11|30408|25305.280680907454
46|60|116|0.9996556568027777|0.10329508781433105|6|7|6477|0.9999539746997917|0.03415536880493164|16|247616|4865.730181980651
47|48|86|0.9999635105302467|0.08249497413635254|7|8|5798|0.999965923251183|0.0|12|28296|23008554.658670813
48|52|97|0.9997596927175281|0.6146917343139648|8|10|127626|0.9999619435867728|0.11678552627563477|18|1539264|7981.478478208757
49|60|111|0.9997535801263369|0.1403961181640625|6|8|19417|0.9999569341824103|0.009888648986816406|13|63760|8479.080862923418
50|36|74|0.999980829481018|0.08229207992553711|6|7|5843|0.9999809404730762|0.0038421154022216797|14|119048|5953957340.173387
51|58|123|0.9999636509853724|0.18438005447387695|7|8|24262|0.9999639225195833|0.11105132102966309|18|1380176|1884093830.230958
52|77|146|0.979962207506054|2.9284493923187256|8|10|627886|0.9999478846135759|0.1879880428314209|20|2288864|19.30565349665246
53|73|122|0.9996232425156023|0.12910842895507812|6|7|9720|0.9999369593854894|0.01688361167907715|13|47336|5336.087982875193
55|208|390|0.9796555236350096|587.3761365413666|12|14|148274713|0.9998557510449613|436.0845763683319|31|4618813632|23.800813903167207
56|184|364|0.9996728092473518|45.4232656955719|10|14|11409968|0.999881724102108|108.1392924785614|28|1514586752|15484.00775263722
58|406|785|0.9881365774453597|242.4395046234131|10|15|50052739|0.999706465424866|5.4551310539245605|24|92481184|59.306303209895546
