1|16|29|0.9895746042838565|0.004026889801025391|4|5|329|0.9906558189978638|0.00041556358337402344|8|1512|31555.105430289514
2|19|33|0.9821172304606989|0.0|4|4|218|0.9876411066031564|0.0|8|1320|1748.1350293106152
3|9|18|0.9963646359061903|0.0005934238433837891|5|5|232|0.9965183825324524|0.0|9|1640|571976.289287727
4|12|20|0.9783407457981216|0.0|4|4|136|0.9909197335001908|0.0005147457122802734|6|520|303.3861573721633
5|4|6|0.9958140000000001|0.0|4|3|23|0.996057|0.0|5|72|260646.3496050531
6|24|48|0.9865939232058286|0.008026838302612305|5|6|837|0.9874968667121843|0.0|11|11024|59533.11886216597
7|13|24|0.9911019735851079|0.004518270492553711|5|5|324|0.9917711962092548|0.0|9|2440|71849.1427614215
8|16|32|0.9918005005203887|0.003999471664428711|5|5|766|0.9934201601912491|0.0017383098602294922|9|3920|10321.634704071503
9|19|34|0.981668974058977|0.0|4|4|227|0.9868740313317325|0.005052328109741211|7|1288|2062.1701256232277
10|9|15|0.9919714798075859|0.0|4|4|77|0.9937676044184579|0.0006721019744873047|6|336|8047.771101636941
11|7|11|0.99218971818|0.0|4|3|58|0.99398014947|0.0010361671447753906|6|232|7844.776228925097
12|17|36|0.9932922745647271|0.03002309799194336|6|6|3937|0.9943058166513978|0.0005075931549072266|12|18832|22383.749401720255
13|6|9|0.9923774939999999|0.0|4|3|41|0.9940928309999999|0.0|5|136|8371.330638445204
14|18|32|0.9711461553264126|0.0|4|3|172|0.9878498461930105|0.0|8|1200|228.79258740318184
15|23|39|0.9795745563778252|0.010157346725463867|6|6|802|0.9820211503050549|0.0|9|3984|11822.618111046095
16|23|40|0.9616754519118146|0.0017390251159667969|5|6|656|0.9845427424740212|0.0|10|5032|157.42447881593483
17|6|11|0.9975301097399999|0.0|4|3|63|0.99760763889|0.0|7|464|1541455.8995154258
18|4|6|0.9958140000000001|0.0|4|3|23|0.996057|0.0|5|72|260646.3496050531
19|9|17|0.9945826818503642|0.0|4|4|119|0.9948218581260245|0.0|8|1376|351138.839929931
20|16|30|0.990817297953471|0.0040204524993896484|5|5|561|0.9915474303970244|0.0020394325256347656|9|2800|62086.608473589986
21|18|37|0.9902249888429298|0.0031585693359375|5|5|723|0.9906693909691106|0.0|11|13152|182580.49773790882
22|7|14|0.9976497217563601|0.0037314891815185547|5|4|159|0.9976848522372002|0.0|8|992|7224849.255389535
23|9|16|0.9933161904968726|0.0|4|3|89|0.993855336358015|0.0|8|872|83008.37076747365
24|31|51|0.9602472494499513|0.0050716400146484375|5|5|531|0.9743628951161423|0.004230499267578125|8|2384|560.8644383647502
25|9|15|0.9910267764685201|0.0008251667022705078|4|3|72|0.9929760170850089|0.0|6|328|7671.35528465165
26|27|49|0.9679784252756518|0.0|5|5|593|0.9820448758553555|0.0|8|3040|421.1294075086682
28|27|47|0.9722098625779165|0.011514425277709961|5|6|846|0.9790838339367669|0.0|9|3592|1834.23801149695
29|34|71|0.9812222570658701|0.05893063545227051|6|7|9481|0.9823139449282394|0.033162593841552734|15|411592|57111.920918200725
30|12|23|0.9915542612388104|0.0014522075653076172|4|5|291|0.991956461543551|0.0010094642639160156|10|4104|192558.21267520922
31|21|37|0.9799489817534344|0.0|5|5|423|0.9849966360135334|0.0|8|1776|2461.526755274738
32|19|33|0.9699988607848896|0.0023651123046875|5|5|368|0.9858192495913235|0.0|10|3640|282.9011888253949
33|29|60|0.9845650545096909|0.05795574188232422|6|8|8597|0.9853531926613981|0.0042629241943359375|13|41504|90805.76556872952
34|36|70|0.9799837690529568|0.08854198455810547|6|7|7742|0.9812226443613762|0.0005021095275878906|12|26176|47093.19129441513
35|14|25|0.9891147796656687|0.0|5|5|467|0.9908728830317088|0.0|9|1832|11931.916552311624
36|29|56|0.972196546168645|0.008409738540649414|5|6|1236|0.9834064488452838|0.0037844181060791016|10|9960|599.2429032278699
37|20|38|0.9853271194162325|0.005078792572021484|5|5|660|0.9885138833883015|0.0|9|3528|4670.392969474251
38|31|64|0.9852914960504155|0.004525661468505859|5|6|1300|0.986463428419887|0.0015110969543457031|9|10560|38392.44653046495
39|61|124|0.9556949553251258|1.711348533630371|9|10|415148|0.9699978783605032|0.0397188663482666|18|558896|624.6534072339906
40|23|43|0.9808102602260559|0.0|4|4|347|0.9838533272062038|0.0013206005096435547|9|4328|6984.1988021333955
41|18|32|0.9660971879347904|0.008605480194091797|4|4|263|0.9878498610051776|0.0|8|1992|144.63530968022033
42|36|68|0.814636733776502|0.008214712142944336|5|5|1139|0.9714274608849843|0.004816770553588867|14|50024|9.450832863969787
43|31|58|0.977591781265716|0.02970433235168457|5|7|1732|0.9805014865320513|0.0013275146484375|11|11688|9086.140391220215
44|78|150|0.9384411268316402|0.5239770412445068|7|10|109961|0.9459451906450024|0.08330345153808594|17|974632|3636.2422269095414
45|55|102|0.9450347440177683|0.11612606048583984|6|9|15209|0.9597527857424852|0.003834247589111328|11|28808|760.32595499354
46|60|116|0.9251512417389838|0.08394479751586914|6|7|6477|0.9550498026517537|0.028093814849853516|16|236672|219.71530606091582
47|48|86|0.9599606098908808|0.09063315391540527|7|8|5798|0.9660277747166393|0.0|12|28528|3615.2787353514886
48|52|97|0.9388711418966524|0.6198689937591553|8|10|127626|0.9623759210165079|0.11373472213745117|18|1281216|297.6184715916706
49|60|111|0.931943759559997|0.15395140647888184|6|8|19417|0.9575110769555504|0.008379459381103516|13|65384|280.86547149304806
50|36|74|0.9794395403600068|0.08204078674316406|6|7|5843|0.9806114151463748|0.007932424545288086|14|117064|54216.607409033175
51|58|123|0.9613194152078669|0.2064669132232666|7|8|24262|0.9640204985730934|0.10885214805603027|18|1257832|18694.531211292284
52|77|146|0.7655969970905917|2.662412643432617|8|10|627886|0.9484580447738868|0.32138538360595703|20|3861728|10.051779953774725
53|73|122|0.8925630400362103|0.1291055679321289|6|7|9720|0.9390759616146502|0.008362054824829102|13|48032|123.06997924155871
55|208|390|0.6651216115000504|785.3722696304321|12|14|148274713|0.8643428313467021|340.0101044178009|31|3511533760|14.963368612293468
56|184|364|0.8539564655544957|58.313722133636475|10|14|11409968|0.8866716614207537|51.836658239364624|28|575095424|389.1739289842795
58|406|785|0.5624191432127184|319.36194372177124|10|15|50052739|0.7430225488307394|7.419949769973755|24|92579488|25.173475594522664
