1|16|29|0.9895746042838565|0.0020036697387695312|4|5|329|0.9906558189978638|0.0009992122650146484|8|1512
2|19|33|0.9821172304606989|0.0010194778442382812|4|4|218|0.9876411066031564|0.0019974708557128906|8|1320
3|9|18|0.9963646359061903|0.0019991397857666016|5|5|232|0.9965183825324524|0.0|9|1640
4|12|20|0.9783407457981216|0.0009992122650146484|4|4|136|0.9909197335001908|0.0009987354278564453|6|520
5|4|6|0.9958140000000001|0.0|4|3|23|0.996057|0.0|5|72
6|24|48|0.9865939232058286|0.0029909610748291016|5|6|837|0.9874968667121843|0.0009982585906982422|11|11024
7|13|24|0.9911019735851079|0.0019979476928710938|5|5|324|0.9917711962092548|0.0019996166229248047|9|2440
8|16|32|0.9918005005203887|0.00299835205078125|5|5|766|0.9934201601912491|0.0010023117065429688|9|3920
9|19|34|0.981668974058977|0.0009992122650146484|4|4|227|0.9868740313317325|0.0020020008087158203|7|1288
10|9|15|0.9919714798075859|0.0|4|4|77|0.9937676044184579|0.0010142326354980469|6|336
11|7|11|0.99218971818|0.0|4|3|58|0.99398014947|0.0010027885437011719|6|232
12|17|36|0.9932922745647271|0.017989397048950195|6|6|3937|0.9943058166513978|0.0019960403442382812|12|18832
13|6|9|0.9923774939999999|0.0|4|3|41|0.9940928309999999|0.0009996891021728516|5|136
14|18|32|0.9711461553264126|0.001982450485229492|4|3|172|0.9878498461930105|0.0009949207305908203|8|1200
15|23|39|0.9795745563778252|0.003996849060058594|6|6|802|0.9820211503050549|0.002000570297241211|9|3984
16|23|40|0.9616754519118146|0.003306150436401367|5|6|656|0.9845427424740212|0.00299835205078125|10|5032
17|6|11|0.9975301097399999|0.0010001659393310547|4|3|63|0.99760763889|0.001001119613647461|7|464
18|4|6|0.9958140000000001|0.0009899139404296875|4|3|23|0.996057|0.0010178089141845703|5|72
19|9|17|0.9945826818503642|0.0009992122650146484|4|4|119|0.9948218581260245|0.0009872913360595703|8|1376
20|16|30|0.990817297953471|0.003000020980834961|5|5|561|0.9915474303970244|0.0009970664978027344|9|2800
21|18|37|0.9902249888429298|0.003980875015258789|5|5|723|0.9906693909691106|0.0020029544830322266|11|13152
22|7|14|0.9976497217563601|0.0|5|4|159|0.9976848522372002|0.0010018348693847656|8|992
23|9|16|0.9933161904968726|0.0009992122650146484|4|3|89|0.993855336358015|0.0|8|872
24|31|51|0.9602472494499513|0.004335165023803711|5|5|531|0.9743628951161423|0.002013683319091797|8|2384
25|9|15|0.9910267764685201|0.0010094642639160156|4|3|72|0.9929760170850089|0.0010256767272949219|6|328
26|27|49|0.9679784252756518|0.00344085693359375|5|5|593|0.9820448758553555|0.0019979476928710938|8|3040
28|27|47|0.9722098625779165|0.00539088249206543|5|6|846|0.9790838339367669|0.003987312316894531|9|3592
29|34|71|0.9812222570658701|0.04131579399108887|6|7|9481|0.9823139449282394|0.015011310577392578|15|411592
30|12|23|0.9915542612388104|0.002010345458984375|4|5|291|0.991956461543551|0.0010013580322265625|10|4104
31|21|37|0.9799489817534344|0.0019989013671875|5|5|423|0.9849966360135334|0.0009999275207519531|8|1776
32|19|33|0.9699988607848896|0.003996849060058594|5|5|368|0.9858192495913235|0.0019986629486083984|10|3640
33|29|60|0.9845650545096909|0.038387298583984375|6|8|8597|0.9853531926613981|0.0019974708557128906|13|41504
34|36|70|0.9799837690529568|0.035302162170410156|6|7|7742|0.9812226443613762|0.0049860477447509766|12|26176
35|14|25|0.9891147796656687|0.0030002593994140625|5|5|467|0.9908728830317088|0.0009958744049072266|9|1832
36|29|56|0.972196546168645|0.008361577987670898|5|6|1236|0.9834064488452838|0.0009984970092773438|10|9960
37|20|38|0.9853271194162325|0.0020143985748291016|5|5|660|0.9885138833883015|0.0019986629486083984|9|3528
38|31|64|0.9852914960504155|0.00536799430847168|5|6|1300|0.986463428419887|0.003993988037109375|9|10560
39|61|124|0.9556949553251258|2.0488240718841553|9|10|415148|0.9699978783605032|0.016991615295410156|18|558896
40|23|43|0.9808102602260559|0.00497746467590332|4|4|347|0.9838533272062038|0.0020017623901367188|9|4328
41|18|32|0.9660971879347904|0.0019888877868652344|4|4|263|0.9878498610051776|0.001976490020751953|8|1992
42|36|68|0.814636733776502|0.008996248245239258|5|5|1139|0.9714274608849843|0.00400090217590332|14|50024
43|31|58|0.977591781265716|0.041005849838256836|5|7|1732|0.9805014865320513|0.003997087478637695|11|11688
44|78|150|0.9384411268316402|0.5656552314758301|7|10|109961|0.9459451906450024|0.036985158920288086|17|974632
45|55|102|0.9450347440177683|0.1389005184173584|6|9|15209|0.9597527857424852|0.006996631622314453|11|28808
46|60|116|0.9251512417389838|0.10995674133300781|6|7|6477|0.9550498026517537|0.01099538803100586|16|236672
47|48|86|0.9599606098908808|0.09494519233703613|7|8|5798|0.9660277747166393|0.009993791580200195|12|28528
48|52|97|0.9388711418966524|0.5718502998352051|8|10|127626|0.9623759210165079|0.028003692626953125|18|1281216
49|60|111|0.931943759559997|0.17430639266967773|6|8|19417|0.9575110769555504|0.008994817733764648|13|65384
50|36|74|0.9794395403600068|0.1099240779876709|6|7|5843|0.9806114151463748|0.00699615478515625|14|117064
51|58|123|0.9613194152078669|0.15668129920959473|7|8|24262|0.9640204985730934|0.026984453201293945|18|1257832
52|77|146|0.7655969970905917|3.11372447013855|8|10|627886|0.9484580447738868|0.06964516639709473|20|3861728
53|73|122|0.8925630400362103|0.1539301872253418|6|7|9720|0.9390759616146502|0.0099945068359375|13|48032
55|208|390|0.6651216115000504|891.5025398731232|12|14|148274713|0.8643428313467021|62.167224168777466|31|3511533760
56|184|364|0.8539564655544957|69.48383164405823|10|14|11409968|0.8866716614207537|8.999837875366211|28|575095424
58|406|785|0.5624191432127184|355.7486803531647|10|15|50052739|0.7430225488307394|1.2869689464569092|24|92579488
