1|16|29|0.12167154252529144|0.03841853141784668|4|5|329|0.25502050668001175|0.5242116451263428|8|1416|35.180575720233186
2|19|33|0.05365769751369953|0.0|4|4|218|0.17822816001717|0.0009999275207519531|8|1352|27.77078847572361
3|9|18|0.42333221435546875|0.0011985301971435547|5|5|232|0.5215682983398438|0.0010006427764892578|9|2544|99.23969062068741
4|12|20|0.12807083129882812|0.0|4|4|136|0.31490230560302734|0.0|6|552|20.20722865519481
5|4|6|0.59375|0.0|4|3|23|0.640625|0.0|5|72|409.43929019996546
6|24|48|0.06873491557178113|0.0020084381103515625|5|6|837|0.15051039988743042|0.00099945068359375|11|11976|60.54871571500347
7|13|24|0.19829893112182617|0.0009925365447998047|5|5|324|0.3187893033027649|0.0010001659393310547|9|2440|52.7247653600308
8|16|32|0.169537752866745|0.0020117759704589844|5|5|766|0.3158345716074109|0.0009992122650146484|9|3920|34.6332298126959
9|19|34|0.05261122714728117|0.0009975433349609375|4|4|227|0.1784180748509243|0.0|7|1280|27.151356241601217
10|9|15|0.27203369140625|0.0|4|4|77|0.42657470703125|0.0|6|336|37.41113506371819
11|7|11|0.3408203125|0.0|4|3|58|0.48193359375|0.0|6|240|47.170413960835106
12|17|36|0.22980854971683584|0.01599884033203125|6|6|3937|0.32829193311044946|0.0019996166229248047|12|18176|82.03332124222808
13|6|9|0.38671875|0.0010004043579101562|4|3|41|0.513671875|0.0010008811950683594|5|136|59.164977532520965
14|18|32|0.052166737616062164|0.0|4|3|172|0.1972138462588191|0.00099945068359375|8|1200|21.81091401798347
15|23|39|0.029559511865954846|0.0019989013671875|6|6|802|0.10569970762117009|0.0009992122650146484|9|3952|46.1341775872346
16|23|40|0.025558260349498596|0.0020020008087158203|5|6|656|0.12043085914592666|0.0009996891021728516|10|3656|31.9039486343274
17|6|11|0.5537109375|0.0|4|3|63|0.62939453125|0.0|7|464|160.1164631367843
18|4|6|0.59375|0.0|4|3|23|0.640625|0.0|5|72|409.43929019996546
19|9|17|0.369232177734375|0.0002961158752441406|4|4|119|0.47051239013671875|0.0|8|1352|91.88361835075544
20|16|30|0.14746502041816711|0.0019989013671875|5|5|561|0.2715046089142561|0.0009984970092773438|9|2496|43.612355623476134
21|18|37|0.1609258542302996|0.0029997825622558594|5|5|723|0.2504823182025575|0.0010097026824951172|11|11552|81.70663030555555
22|7|14|0.553955078125|0.0009992122650146484|5|4|159|0.62353515625|0.001001119613647461|8|1056|190.10776303407926
23|9|16|0.31793212890625|0.0|4|3|89|0.4372100830078125|0.0010008811950683594|8|880|64.39561613578313
24|31|51|0.003332802643782884|0.005881547927856445|5|5|531|0.04349889450823152|0.0010004043579101562|8|2416|59.208609833803656
25|9|15|0.259521484375|0.0014464855194091797|4|3|72|0.413848876953125|0.0|6|488|36.96452165308602
26|27|49|0.017369868656629706|0.0029942989349365234|5|5|593|0.09222601770542305|0.0009999275207519531|8|2864|39.30463222010358
28|27|47|0.01239560324552258|0.003000497817993164|5|6|846|0.07123664410100616|0.0|9|3784|49.25491962352136
29|34|71|0.02852901519912427|0.02799844741821289|6|7|9481|0.07020388671820957|0.009000062942504883|15|168032|113.60327751515825
30|12|23|0.24995207786560059|0.0009891986846923828|4|5|291|0.34471893310546875|0.0007717609405517578|10|3904|91.6204972660172
31|21|37|0.0391945005976595|0.0010063648223876953|5|5|423|0.14345905391382985|0.0010006427764892578|8|1776|32.270682101020114
32|19|33|0.04548890981823206|0.002000570297241211|5|5|368|0.15963010909035802|0.001001119613647461|10|3736|29.79485986418665
33|29|60|0.04883568939293667|0.024572372436523438|6|8|8597|0.10738095571486336|0.003999471664428711|13|46856|87.51078214565486
34|36|70|0.016684277129333895|0.018730878829956055|6|7|7742|0.057121850273993593|0.0020003318786621094|12|27184|92.5145604610872
35|14|25|0.1569501757621765|0.002010345458984375|5|5|467|0.287977010011673|0.0010018348693847656|9|1896|40.73756196629297
36|29|56|0.02254810733304824|0.005034208297729492|5|6|1236|0.08928588953232738|0.0009989738464355469|10|10592|50.41355682400714
37|20|38|0.07215021137380973|0.001999378204345703|5|5|660|0.1844865879502322|0.00099945068359375|9|3240|36.92962187025431
38|31|64|0.037170400863683936|0.0020055770874023438|5|6|1300|0.1126340273905646|0.0017507076263427734|9|10112|51.382026106115504
39|61|124|0.00116882259320541|1.2230465412139893|9|10|415148|0.00951425424834805|0.025096893310546875|17|464744|323.87753188042996
40|23|43|0.038148919949890114|0.002073049545288086|4|4|347|0.1207644130636254|0.0010001659393310547|9|4136|45.27341325718451
41|18|32|0.05750332586467266|0.001003265380859375|4|4|263|0.1974563766270876|0.0009999275207519531|8|2064|23.838685391935865
42|36|68|0.003816838368682504|0.007014274597167969|5|5|1139|0.028682381240883667|0.00870203971862793|14|98832|109.84889747241365
43|31|58|0.016922250813893813|0.022395610809326172|5|7|1732|0.06477193744707008|0.001163482666015625|11|12232|72.91292542963849
44|78|150|3.289045391199639e-05|0.3517954349517822|7|10|109961|0.0007740663670369438|0.052298545837402344|17|958832|3012.2322162624537
45|55|102|0.0003564647866114294|0.07926511764526367|6|9|15209|0.006118227866438375|0.0032262802124023438|11|29472|403.0365359095401
46|60|116|0.00023097879428675424|0.05582308769226074|6|7|6477|0.003357986007031249|0.015990018844604492|16|252032|764.034372581144
47|48|86|0.0008072345195986087|0.05441427230834961|7|8|5798|0.011318533226697059|0.003008604049682617|12|30472|227.67125042842568
48|52|97|0.0006699195389362432|0.34996724128723145|8|10|127626|0.007601821973071175|0.06975936889648438|18|1273536|360.39799275133936
49|60|111|0.00014182706786242268|0.09705877304077148|6|8|19417|0.003876701054164055|0.0058383941650390625|13|69216|586.827119523043
50|36|74|0.021416539323824896|0.05211997032165527|6|7|5843|0.059051840135225936|0.008990049362182617|14|123280|115.30141880459803
51|58|123|0.0012909249595355365|0.11019587516784668|7|8|24262|0.007151885780811732|0.06535220146179199|18|1186824|523.5622861691913
52|77|146|2.1339170243859253e-05|2.050058603286743|8|10|627886|0.0009053425342501056|0.13458657264709473|20|2288864|2387.4342674583672
53|73|122|2.1371410807835997e-06|0.10753536224365234|6|7|9720|0.0005744637436112037|0.003997087478637695|13|48136|3426.188938023362
55|208|390|1.9112923130712698e-13|575.4156980514526|12|14|148274713|6.265871820504641e-09|163.15459322929382|31|2404253888|306608240.46154326
56|184|364|8.554521814537893e-11|176.66928958892822|10|14|11409968|1.0538721075920828e-07|131.2693214416504|28|1917239936|18344128.18739641
58|406|785|2.0671022637924378e-25|319.5305652618408|10|15|50052739|2.4725957339042362e-17|25.3590989112854|24|92579488|-4.9950983048680764e+23
