1|16|29|0.12167154252529144|0.0396726131439209|4|5|329|0.25502050668001175|0.12816214561462402|8|1416
2|19|33|0.05365769751369953|0.0009963512420654297|4|4|218|0.17822816001717|0.0029993057250976562|8|1352
3|9|18|0.42333221435546875|0.0010094642639160156|5|5|232|0.5215682983398438|0.0009944438934326172|9|2544
4|12|20|0.12807083129882812|0.0010204315185546875|4|4|136|0.31490230560302734|0.0009999275207519531|6|552
5|4|6|0.59375|0.0|4|3|23|0.640625|0.0|5|72
6|24|48|0.06873491557178113|0.005762815475463867|5|6|837|0.15051039988743042|0.002022981643676758|11|11976
7|13|24|0.19829893112182617|0.0009996891021728516|5|5|324|0.3187893033027649|0.0010018348693847656|9|2440
8|16|32|0.169537752866745|0.0029969215393066406|5|5|766|0.3158345716074109|0.00099945068359375|9|3920
9|19|34|0.05261122714728117|0.000982046127319336|4|4|227|0.1784180748509243|0.003976106643676758|7|1280
10|9|15|0.27203369140625|0.0007390975952148438|4|4|77|0.42657470703125|0.0002498626708984375|6|336
11|7|11|0.3408203125|0.0|4|3|58|0.48193359375|0.0|6|240
12|17|36|0.22980854971683584|0.018011093139648438|6|6|3937|0.32829193311044946|0.0009877681732177734|12|18176
13|6|9|0.38671875|0.0|4|3|41|0.513671875|0.0009992122650146484|5|136
14|18|32|0.052166737616062164|0.002997875213623047|4|3|172|0.1972138462588191|0.0009989738464355469|8|1200
15|23|39|0.029559511865954846|0.003991127014160156|6|6|802|0.10569970762117009|0.003000497817993164|9|3952
16|23|40|0.025558260349498596|0.0039980411529541016|5|6|656|0.12043085914592666|0.0019750595092773438|10|3656
17|6|11|0.5537109375|0.0|4|3|63|0.62939453125|0.0|7|464
18|4|6|0.59375|0.0009999275207519531|4|3|23|0.640625|0.0|5|72
19|9|17|0.369232177734375|0.0009987354278564453|4|4|119|0.47051239013671875|0.0010013580322265625|8|1352
20|16|30|0.14746502041816711|0.0023796558380126953|5|5|561|0.2715046089142561|0.0010023117065429688|9|2496
21|18|37|0.1609258542302996|0.004993438720703125|5|5|723|0.2504823182025575|0.0018963813781738281|11|11552
22|7|14|0.553955078125|0.0|5|4|159|0.62353515625|0.0010001659393310547|8|1056
23|9|16|0.31793212890625|0.0|4|3|89|0.4372100830078125|0.0|8|880
24|31|51|0.003332802643782884|0.00299835205078125|5|5|531|0.04349889450823152|0.002997875213623047|8|2416
25|9|15|0.259521484375|0.0011718273162841797|4|3|72|0.413848876953125|0.0009884834289550781|6|488
26|27|49|0.017369868656629706|0.003998756408691406|5|5|593|0.09222601770542305|0.001996278762817383|8|2864
28|27|47|0.01239560324552258|0.006996631622314453|5|6|846|0.07123664410100616|0.0019996166229248047|9|3784
29|34|71|0.02852901519912427|0.04761862754821777|6|7|9481|0.07020388671820957|0.005150318145751953|15|168032
30|12|23|0.24995207786560059|0.004148721694946289|4|5|291|0.34471893310546875|0.0|10|3904
31|21|37|0.0391945005976595|0.003003835678100586|5|5|423|0.14345905391382985|0.002997875213623047|8|1776
32|19|33|0.04548890981823206|0.0029768943786621094|5|5|368|0.15963010909035802|0.001997709274291992|10|3736
33|29|60|0.04883568939293667|0.04601025581359863|6|8|8597|0.10738095571486336|0.0039975643157958984|13|46856
34|36|70|0.016684277129333895|0.03914904594421387|6|7|7742|0.057121850273993593|0.003989219665527344|12|27184
35|14|25|0.1569501757621765|0.0029981136322021484|5|5|467|0.287977010011673|0.0009765625|9|1896
36|29|56|0.02254810733304824|0.011219263076782227|5|6|1236|0.08928588953232738|0.002997875213623047|10|10592
37|20|38|0.07215021137380973|0.003004312515258789|5|5|660|0.1844865879502322|0.0019989013671875|9|3240
38|31|64|0.037170400863683936|0.0046710968017578125|5|6|1300|0.1126340273905646|0.0020008087158203125|9|10112
39|61|124|0.00116882259320541|3.079693078994751|9|10|415148|0.009514254248348045|0.015499591827392578|18|557360
40|23|43|0.038148919949890114|0.009489774703979492|4|4|347|0.1207644130636254|0.0019974708557128906|9|4136
41|18|32|0.05750332586467266|0.0020079612731933594|4|4|263|0.1974563766270876|0.001998424530029297|8|2064
42|36|68|0.003816838368682504|0.011670589447021484|5|5|1139|0.028682381240883667|0.0049974918365478516|14|98832
43|31|58|0.016922250813893813|0.051801443099975586|5|7|1732|0.06477193744707008|0.006883859634399414|11|12232
44|78|150|3.289045391199639e-05|0.7077813148498535|7|10|109961|0.0007740663670369438|0.027675151824951172|17|958832
45|55|102|0.0003564647866114294|0.1423642635345459|6|9|15209|0.006118227866438375|0.003997087478637695|11|29472
46|60|116|0.00023097879428675424|0.16475701332092285|6|7|6477|0.003357986007031249|0.017011165618896484|16|252032
47|48|86|0.0008072345195986087|0.11014604568481445|7|8|5798|0.011318533226697059|0.0059969425201416016|12|30472
48|52|97|0.0006699195389362432|0.7239422798156738|8|10|127626|0.007601821973071175|0.030879974365234375|18|1273536
49|60|111|0.00014182706786242268|0.22405648231506348|6|8|19417|0.003876701054164055|0.007994651794433594|13|69216
50|36|74|0.021416539323824896|0.13339877128601074|6|7|5843|0.059051840135225936|0.009544849395751953|14|123280
51|58|123|0.0012909249595355365|0.20810723304748535|7|8|24262|0.007151885780811732|0.03500056266784668|18|1186824
52|77|146|2.1339170243859253e-05|3.9641265869140625|8|10|627886|0.0009053425342501056|0.04882240295410156|20|2288864
53|73|122|2.1371410807835997e-06|0.2495412826538086|6|7|9720|0.0005744637436112036|0.006994724273681641|14|59488
55|208|390|1.9112923130712698e-13|979.5880856513977|12|14|148274713|6.265871820504641e-09|58.00845265388489|31|2404253888
56|184|364|8.554521814537893e-11|72.05076360702515|10|14|11409968|1.0538721075920828e-07|33.382396936416626|28|1917239936
58|406|785|2.0671022637924378e-25|371.56450963020325|10|15|50052739|2.4725957339042362e-17|1.3997175693511963|24|92579488
