0|28|[s?GOOC@?__@?C??_OQ?AOG?__?C?????@?PCO?O??AC?C??@O@??@a??_O???OP|0.999572751482712|0.13660788536071777|8|8|27057|0.9999720045350657|0.02603912353515625|9|4104
1|32|_s?GOOCCG@?G?@G@?_??_?_D??H?????C??A?_?Q?O_???K???@??_?A?O?OA??_??@G???_?W?@?E??Q?A?|0.9898797420343335|0.10555624961853027|8|9|23000|0.9999680052469118|0.0026810169219970703|10|4968
2|34|as?GOO??G@CCC???g?OK_?C??@??A?I???C@???????_??A???C??B??@?_??@?IG??A??G?IA??OG?a???O??Aa??_?_G?|0.9996715756872993|0.11566519737243652|8|8|24122|0.999966005608833|0.001996278762817383|9|4296
3|32|_sCGO?@COIC?O@?@?O?G@??KA????G?AK??I?????A?g??A???C???@_@??G@_???G?G_???G`????_?C??K|0.9993677909957517|0.03261423110961914|7|8|7209|0.9999680052449722|0.0009992122650146484|8|2248
4|32|_sP??CA?_??@?ACA??_?GB??h????O_?_??B???????_A?B??GC?W_??ACO?GC??????C??OGH@?@???A?CO|0.9998685799415602|0.047480106353759766|7|8|9638|0.999968005245942|0.0030226707458496094|8|3112
5|22|UsKG?CAC_I?KOG?A??G?B?@???H??Y?c?C?C??KG|0.9998704842600212|0.0019991397857666016|5|5|429|0.9999780034934164|0.002148866653442383|6|808
6|28|[s?HQO??g@?COO????G?A??O_GOGO?G?SOO???AG?@?_?_@???@?@g???A?O_??D|0.9997725563357264|0.09991860389709473|7|8|18833|0.9999720045321553|0.003000974655151367|8|2472
7|26|Ys?gOPC?AA_A?C?P?C_?B?_?O?G??OC?G?A@??CH_?C???O???D??_@_|0.999972537796662|0.011983633041381836|6|7|2701|0.9999740041841708|0.0019979476928710938|7|1480
8|30|]sOGO?`?OAC??B?@AC?CA?_SCO??c?G?@??E???????_??I???C??G????@W_?AO?A??_???DG|0.999865512717073|0.008527040481567383|6|7|1692|0.9999700048870591|0.0029985904693603516|7|1752
9|20|Ss?gOPO?H??@?a?@GG_?a?c?D????w_E?|0.9897889922084884|0.006528377532958984|6|6|1734|0.9999800031593576|0.003988981246948242|8|1424
10|50|qs?GOP??G@???@@@??a?_?C?_????G??G?A?C?OG??@?GC?C??@@?A???OO???_????OGA???G?????????C???GA?AG??_??C??????A??????@?????@C?????O?????B????OO???@??_??O???C?C?????C?????H???A??O?G???S??O?G???@??????@??P????C?D??|0.9896598596800034|5.623363971710205|9|10|845760|0.9999500086481545|0.004998683929443359|12|25408
11|36|cs?GOO??H@?c????_GO?CO?@?@??A??OO??G@?G_?????a@???A???Aa??C????@???WCA???P??G?G??C??@O??@?C??O?c???A??A?OA|0.9999602889548135|0.010007858276367188|6|6|2389|0.999964005973783|0.003998994827270508|8|2408
12|40|gs?IOO??G@?K@?@?????@??G_?_?G???C??A?C_@?C???A???CW?C?G????G?AA?C?????@??G_?G?O?OOO????OO???@?????GG??@?C??_???COO????_@??CC??????w|0.9800746425416793|0.2636873722076416|8|9|51217|0.9999600067176191|0.00191497802734375|9|5160
13|32|_{?GOO??G@?C?C??_AQ?O???O?G??o??O_?A???OG??_?GA?_?@????_G?G?_O?@?@?AOC??`?C@G??AI???|0.9999654506775666|0.06792664527893066|7|8|13196|0.9999680052449713|0.0019974708557128906|9|2928
14|46|ms?GOP?O???@?A?A?A?@@??G?????G??G?_CK??????_?OP???_??C????@??A???_??C@?G?O?GAC?G?A???E??G??A???_???A__??CA????????????_??C??O?????E?o????????@??W???@?A??a?????_??@??_????_??o|0.9894698368009441|0.5427565574645996|9|9|102666|0.9999540078633625|0.0029973983764648438|11|12072
15|36|csP?GcAC??_AG???_GO????C??O??`@?O?@???O??OD?@?_@??????C_???W?GO?????C?C_?GO?G?????@??_A?@???@?OO?@?C???A@A|0.9894790680020559|0.29306817054748535|8|9|58176|0.999964005972813|0.006052494049072266|10|6216
16|24|WsP??CE?_H?@?@A@C???B?OGo??AC??cCO?O??B???@`A?@|0.999973538408465|0.0029981136322021484|5|5|801|0.9999760038372741|0.0019829273223876953|7|1256
17|20|Ss?GPWC???_QCC?BCDAC??GDO???E???[|0.9998806698612122|0.004995822906494141|6|6|643|0.9999800031583874|0.0008618831634521484|7|1064
18|22|Us@GOO?CGHGC?@??cGO?O?CSO?OC??E?C_?A??PG|0.9998756436940116|0.006029605865478516|6|6|1498|0.9999780034963167|0.002001523971557617|7|1320
19|48|os?IOW??G@?C?C??_?P?O??C?????G?_G??C??AO???__?O???A???G_???O??C??@??C????G???@?????K???@A?@?????A@??_????A?A??@?O????G???@??_?@???C????G?KQ???????A?G???A???A????G?O?CG??????__????GA??C???GA|0.9696055833168883|24.86452031135559|10|11|4133361|0.9999520082532737|0.004001140594482422|14|54064
20|28|[s?GOO??G@?C@@@@I??C@?c?O?G?C???C@@AO??P?_??H?_???Q??C?_@?A@???B|0.9900767862185504|0.013670682907104492|6|7|3152|0.9999720045350656|0.0018367767333984375|8|2152
21|24|Ws?GPO`?g??@Oa?A????`C?H??__G??I?C?A??AGG?a??Ga|0.9995768188396158|0.015994548797607422|7|7|3544|0.9999760038382441|0.002997875213623047|8|1832
22|32|_s@GOO??G@?KO?K?CO??A@_?O????G?GG??G???_??@_?OA??c????__A?@??__???GO????CWAO?A??O@@?|0.9801740892224048|0.14267802238464355|8|8|31747|0.999968005246912|0.0029976367950439453|9|4392
23|28|[sOGPG@??__Q?C?_A?G?AOA???O??GGCG?a??G?G?@?_?AO???`?@?AC???O??OB|0.9998705147109294|0.043146610260009766|7|8|7131|0.9999720045331255|0.0017473697662353516|9|3016
24|46|mt?IOO??G@?C????_AO_C?@?C?G??Q???A?????G?_@C??????P??G@???Q????_????????AG????O????O????o?PC????A??C?????@?AO????A?_??_??G??_????AH@????_???C?C?????A@?G???O_??????@?@?O????AG|0.990053723331177|1.8951053619384766|9|11|348823|0.999954007861422|0.005999088287353516|10|11688
25|50|qs?GOO@?W@?O?@?@G?A?A???_?G_?O??O????C?G??`???C??_@??_??_???G??G??O??????G???AW??GC?????O?A?_?G???A@??CA??????G????O??_?????O??A???G?????C??????O???@G@?????A????????L???A???O?????@?a????@?@?a????@???G??@O??|0.9997502111684715|10.287588596343994|10|11|1652984|0.9999500086452445|0.007244586944580078|13|43880
26|30|]sCGO?@?OE???H?@?__GCOG??O??_AC????O??QH??@???_??@`G??@?@G???@?Q???OGO?A?G|0.9996785243535415|0.09497308731079102|7|8|16337|0.9999700048880193|0.001999378204345703|8|3144
27|42|is?GOO@?G`???@?@??_CC?_C?????GAAG??C???_???_??B??G_????__?CAG??AW????_??_G???H??`???????@?C?????????_?O??@???A?I?A???_?????A?????@H??O?O?OO?G???_|0.9996544289220833|0.23522257804870605|8|8|50415|0.9999580070935947|0.0019960403442382812|9|5416
28|44|ks?GOOA?H@?Q?@????G?E??PO???@G???O?@???O??A???CO??B??E@???A????`??__?????????OG???@G??G?C??G???G???_?????D????????????_A???OO?O???C????ACO@????@OI????G@????A_?|0.9900729414539962|0.2517695426940918|8|9|49205|0.9999560074774495|0.0029964447021484375|9|5032
29|48|os?GOO?GG@GC@?P?A?G?P?????G??O?OO??????G??@???C?_@?????_?O???C?????C?@???G?_??O??GA?A???O?????G?????????C@????CA???c?A???GC??????C`G???@????????G?G?G?G????W??G??A?@?CCO???C?????O?C???A?G??@|0.9999512602335735|4.705083131790161|10|11|687903|0.9999520082542439|0.006995201110839844|13|31784
30|20|SsCGW?`OOA???H?@?P`?E@C@??G_A??OK|0.9998806600845523|0.009647846221923828|6|6|977|0.9999800031583878|0.004998445510864258|7|1032
31|50|qtP?PO??G@?C????_?O?C?????G??O??SA???_????_???@???A?A??????G?A?A?O?GG????_?G?C???G?C??AO???O??G?_??A?A???a????C???G???_?????O??@??@??G???S?GCO??????G?O?G?????C??OA???C@????????A???A_?????CC???@???@@???@???_|0.989948751326638|1.8328938484191895|9|11|319744|0.9999500086452445|0.002684354782104492|12|19584
32|46|msP??SA?_??@?A?A????@A?G??_??@??C??A???_???_??@?GCA???O?A??G?G?AG?_??T?????AO??????C?C?_???D?????@??_????L????A?@?????a?????O??G??A?G?C??G?B??O?????GA?_?_????????C??@????G??W|0.9699803945688675|0.9372775554656982|9|9|136734|0.9999540078633625|0.006008148193359375|10|6696
33|40|gs?GOO?OG@?C????_?O?C@??C???????L_?A??C_??OA?@??o???AO?_?G_??@?????OK????O?@?O?A??OG???OC?@???H??_???????@?c???C?A?@?@A?????_?G??C@|0.9896658573656931|0.5791535377502441|8|9|104790|0.999960006718589|0.006224155426025391|10|8736
34|30|]s?GOO??G@?C@AOA_?A?@??GQ?_?G???C@?Q???O??Q?o?@G??C?C??_A@?G???_GO??COC??O|0.9894819591033698|0.14411568641662598|8|8|24487|0.9999700048870492|0.0020203590393066406|9|3912
35|38|es?HOO??G@?C???O_?OGC?D??S?AO?G?C??????G?@@???M?AG?O??CA???H????????C????O????OC???WO?G????O??i??_O?????OO????G@??@?@?_|0.9999593199026986|0.16377592086791992|7|9|22114|0.9999620063437016|0.002003192901611328|9|4104
36|48|os?GOO??G@GCG???_?OA_?C?O???OG??G??????G??@_??C@?G?@??_C??G????@??O?C?@O?????_?C???_????@??G??__O?A???????????_@??A??@????@?a??O??????A@???C???AGC????A???A?C?C@??C????????CC????G@??_????CCC|0.999758219352659|8.879804134368896|11|12|1039489|0.9999520082532741|0.001981496810913086|14|53760
37|32|_sSI??@?OA???@?@A@_G???CC?P@????C??G??A???B?C?B?A@???_?cO?C?C_?A???O??B??G?A??O?_?_C|0.9797831316697639|0.0740666389465332|8|8|11098|0.9999680052459419|0.003996372222900391|9|3400
38|44|ks?GOO?CG@?c????_?O?C??C?OG??o?W???@W????@?g??C???_????_???O???A@?O?OO???????OG????G????_??@??G?O??`???C?G?_O??_????GC?O????G?@????G?????C????O?WA???A@?A??G?G?|0.9997583067529764|0.2727334499359131|8|9|51057|0.9999560074764794|0.004996538162231445|10|6192
39|44|ks?GOO??W@?CC???_?OG???C??OG???G?A?@C??O??G??K@???AOA??C?@?G????????C?G??O????_?A??????AG?????g??@?AKG???????_?A??H??O?????O???O??@???CA?GAS???????CCG???????c_|0.9800632439795386|0.38057827949523926|7|9|61278|0.9999560074784192|0.002997159957885742|9|4328
40|48|os?GOS??G@?COAO@??@A@??G??_G????C??AG?????????@C??A???I_?O???A?@????GC?????_??G????G????G?????G????`?@@????????@???O?C_??I????g@??????D???O???A?_?????_?C?G???C?????GA???@?O?G??O?OC????_?G@?|0.9896579426288377|1.8153042793273926|9|10|289069|0.999952008252304|0.003997087478637695|12|14760
41|42|i{OGOG@?O??@?E?I???H@??G?C_????_C??A???_?GP???C??@@?_O@????O??A@????G_????C???G????G????GC????G????B?????O????CC??A???_?O?@?_???_?AC??C?O??????KO|0.9996644191793126|0.22370123863220215|8|9|51131|0.9999580070955345|0.0020117759704589844|9|7176
42|24|Ws?WOO??GBAS?O??__O????L_?P??_??T?G@??O?C_?_AGA|0.9999724375365138|0.0019922256469726562|5|5|600|0.9999760038382444|0.0009987354278564453|7|1104
43|46|ms?GOo??G@?CO?O?_?OC??CCC?O?_???C?C@???O??????@@_?A???A????????@????G????oA?@????C?_??C?GG???AG????????A?`???@?a???@?AA?G?????G???B??I??????????G???a??G?O????G_?_?@???A??O??O|0.9996492986221125|0.4678375720977783|8|9|74769|0.9999540078604523|0.003997087478637695|10|6376
44|50|qsCGO?@?QAC?C@?@?_?G???C?_G??PC????@??C????_AGAO???????????G??GA????O??_??C???G????G?_???????G??_?@???G???????A@????_H???C?O????C??????C?G????@o?????A__????OCO??_???O?A?????G???????_?O@???@???a???A???g?A???|0.979284976846781|14.329191207885742|10|11|2374475|0.9999500086471845|0.003000020980834961|13|28808
45|44|ks@GOo??G@CC??O?_?O?C????OG?@O?GO??O?_?G?O@?A?????@???@??A_?AA?@???A?????G????OG?C?????QC????_????A?????GO?????a?????AC??G??OCO???_C???@??????@OG?@???A??????IC|0.9998533455907908|3.566771984100342|9|10|582482|0.9999560074774486|0.0029973983764648438|10|8712
46|32|_s?GQP????_A?C?A?@??CC?CC?O?A?G?C??A?G??D?@?O?C?@G??@?DCG???_?A_??q??_??A????@G?@G?C|0.9896769296704233|0.03625988960266113|7|8|8000|0.999968005246912|0.0029985904693603516|8|2984
47|48|os?GOT??G@?_@?????G?Q??O@?@??G??G?U???_????_??A?@??O???CO????@A???G@???O@??????????C????AC???C__??O??????@????GO?????O?A??_?????S?G??A???_?????DG??O??B??O??@??????C??????_G?O??C?O?@???GG??C|0.9890684354349644|2.9481923580169678|9|11|492420|0.9999520082523043|0.0060040950775146484|10|10192
48|24|WsP?_CA?XA?AG???@?G?A??OCA??@Gg?O?CW?@?_P?_?@OA|0.9802828111910629|0.026364803314208984|7|7|5941|0.9999760038392143|0.0029976367950439453|8|1800
49|42|iuOGGGo?GA_@??A?_?O?C??O??G??O?????B??GO??A???_??@??@??????G???A???B????C??__@?C????A???@?@?G@??@??AC????@???CB?????_H???OA????_O???O??_?C????o?_|0.9999521827537824|0.05027270317077637|7|8|12055|0.9999580070935945|0.003999233245849609|9|4128
50|40|gs?iOO??G@?C?@??_?O??O?C@?O?A_?????@???O_?AAA???EA??A?????AG??CAG?G???@_?G???G?????C@?C?A????GO????A???E???@?G?A????C@?o????G???O?o|0.9799631655439294|0.05412554740905762|7|9|14357|0.9999600067166494|0.002984285354614258|9|3888
51|46|mt?GOOO?G@?A?C????G?A??O??_?@?C????@?O?OG?????D???A??@_???_AA???????C???O?????G??O?K?CA?A??_?A?G????_???G??A??_@O????@????d????O??O?A_?????C????G??_??AH??_???????__?O?_??_??O|0.9996523667834711|0.6585326194763184|8|9|134677|0.9999540078623924|0.006995677947998047|10|7464
52|26|Ys?GOO_?GB?_@?OBA?_?_?OC?AOC_A??C??c??_G??QC??@C??C?_?@_|0.9799832140014666|0.0523984432220459|7|7|9079|0.9999740041851406|0.00299835205078125|9|3368
53|42|is?GOOC@???@?A?A??_?G?G???W??O??HA???_???C???C@CO?A???_???GGA??AGC???????G?C?G@??C?G?`???O????G????C???A?@??O??A???O?@?A??AA?_??_G????GG?_??o??@?|0.9997574290868935|0.30019378662109375|8|9|68653|0.9999580070965044|0.0039825439453125|10|7248
54|42|is?GOO??G@?C?C??_GQG?O@?_?O??G?O???@?_OO????_?@???A???A_?@C?CG?@G??@????_G????G?@???????@?????Wa???C?A???OC?????????_?_?G???G??CA?C?????HG?GA??O?|0.999955291356194|0.4029805660247803|8|9|80293|0.9999580070945645|0.0029993057250976562|10|6544
55|42|isP??CAG_B?G?C?@_?O@A?????G??O??O?CC??D???D@???A??@??G?????G???A???CKC??????C?G??A?G??_??@????@?????a????A????cG?????o????c?G?????WC??Q????G???_O|0.9799672596520053|0.11400866508483887|8|8|26332|0.999958007095535|0.004997730255126953|9|3912
56|36|csCGO?@?OAG?O??A?CGCA??_?_G?GO???O?@???O?@A?O?`????G???_???OG??C@??CO???_??G??_?_?@C?Q??????c@???_@GC@???C|0.9895720367683268|0.8869867324829102|8|9|164427|0.9999640059747529|0.003981590270996094|10|7752
57|36|cs?GWO??G@?C@A??_???@C?G??b??aA???POGC????O???@??OA?O??????G???E?@?@????S????@_?O??COC??_??@O????G?Q?O???a|0.9899668549191023|0.48128533363342285|8|9|112368|0.999964005973783|0.004223823547363281|10|7632
58|34|asCHO?@CQA?C?@?@?_?G??????G??O?AP?OAG????E???S????A??C__?A?O??A_??GC???C?G@???G?O?G???C?P?_??G_|0.9798781890425873|0.43998241424560547|8|9|74174|0.999966005608833|0.0019762516021728516|10|5640
59|44|ks?GOPC@???@GACAG?_?@?G??AG??O?????@??CO??A?AAC?C???_@C???C????D????G?@??G????G??C??????@?????O????C?????@G???_AC??_??????@?G?G???g?O???`?A??GO??????@`?A??O@??|0.9896679510510945|2.3287241458892822|9|10|455790|0.9999560074784191|0.0049974918365478516|11|11912
60|20|Su?WOP?@OC?DGA?G?G@?@??W?P??KGC?o|0.9999786390839701|0.008981466293334961|6|7|2071|0.9999800031583874|0.0019943714141845703|7|1064
61|28|[sOGO?@?OA?C?@?@??G?D?GHCG?C?OC?CC???C?G??@C??GKA??C?CC?AO@??A?W|0.9702803424173108|0.02056574821472168|6|7|5282|0.9999720045340958|0.004009246826171875|8|2248
62|50|qs?GOOC?H@?_C???_?O??C?C??O??_C?S?C?G@????????@???I???A?@G??A??@?C????O??A????A????????????@_?G????D?????s????Q??????O_??CG??????W@??O???O?????????????G?@????W??C???C?_?D?????????OD??C?AG???O?@????????_??__|0.9995503997450377|1.124152660369873|9|10|245729|0.9999500086481548|0.004997730255126953|10|7880
63|48|os?GOOC@???@?A?A??_?@??G???_?G@?G?OCO??A????GGG??C_??_?????G???A??????_??G???@O?C??o??G?_?????GCG???CA???OG?C???????@???G???G??O??A???A_?GO????O????_?OG???_?_??????AO?o?????????O_?A???C???E|0.98926729429775|2.4560670852661133|9|10|429767|0.9999520082542441|0.0037920475006103516|13|26672
64|42|is?gOO??W`GCO?????G?A??O???A?G??G??C??C?C?O_?AA?C??G??@??@?G_?????_?C????O??D?????CW??@A???_?G?C????_?CC?C??G????????__??G??O?W???@@?????O????CGG|0.9899627943364482|0.6019570827484131|8|10|85844|0.9999580070955347|0.003997325897216797|9|4328
65|30|]s?GOW?CG@?COC?@gG?G??AC?G???O?GCA?A?_????G??A@G??E???@??CE@_?????O?S??D@?|0.9997725536014892|0.06273412704467773|6|7|3588|0.9999700048880196|0.007999897003173828|8|2448
66|44|ks?GOO??G@?C@???_?QG???C?G???G??GA?????GC?DA??GG?G@???_?A??????@??G?G?O???A?????A??C????A????Q???A_?g?_???????D@?AA?????H??C??G?A??C?????C????P_@?????AOA??_G??|0.9993656303720876|1.5671582221984863|9|10|261245|0.9999560074774487|0.005995750427246094|10|9320
67|24|Ws?IOOo?J????@?@?Q_I??CC?G?G?G?C??B@?OO_??IA?@@|0.9999735185663906|0.009937286376953125|6|7|1981|0.999976003838244|0.001996278762817383|7|1288
68|32|_s?GQW??G@?C?D?a__?????C??O_?o_??_?@?A?O??????F?@?A???A????I?@?@??B?GA??A@?_?A??@G?G|0.989677793980137|0.01606464385986328|6|7|3261|0.999968005244972|0.0017821788787841797|8|2096
69|38|es?GPo??G@?C???@_?o?CO?D???_?H??C?@??CG??O?_??G???@?_?@?????G??@???GG???__???O_?_G?C?GO???_???G??O?O?_???@????_D????p??|0.9995705276500548|0.08202719688415527|7|8|14323|0.999962006344672|0.0019981861114501953|8|3152
70|30|]{?GOO??G@?C@@??_@_?@G??@@G??O??_?OPO??o?_?A???@_?@?_?@???P??O?@??OAOP???O|0.9997724924438015|0.01298666000366211|6|7|2766|0.9999700048870496|0.0019996166229248047|7|1704
71|50|q{O?GGK???_A?C????G?A??O@???@G??G?G????G??`@??????P????_O???C??ACA???O???_???@???O?????C@?@???O????K???AA????C???O??????????G?G???B??A??A???_???H??A????????P????O???C?????`_??CCA?????O???OC?G?????o???A?CG??|0.9896570937314446|4.519153356552124|9|11|761373|0.9999500086462144|0.003206014633178711|10|10720
72|26|Yu?GOO??G`?C??O@_?OCC@@??GG?_??@C@?A@??@?_?c?AA?OGO?_@G?|0.999971530074111|0.010644912719726562|6|7|2686|0.9999740041832005|0.0009989738464355469|8|2024
73|30|]s?GWSO?G@?a??C?_GO?C?@C?OI?AA????GAG??@??????I??@Q???@??C@???_@?A?GO???PO|0.9998645056130419|0.01541447639465332|6|7|3325|0.9999700048860889|0.0030128955841064453|8|2016
74|38|es?GOP??G@?B?P????G?A?AS??P??G??GOO?@?G??@?G????????O?A_??Go???C???BC???????C?g????G?A??D@????????_A_O?C??G_?O??C????D?|0.9999593403567919|0.4098505973815918|8|9|80602|0.9999620063427319|0.004996776580810547|9|4552
75|40|gs?GOO_@G@?W?@O???G?AO????G??O?????@??_O_?A?O??G?G@??CH???_??O?@????G?A_??A???g???O??O??@D????O??G?O???S?@?????G???C??_?A?@?G?OC??C|0.9899638446702469|1.0224111080169678|9|9|199714|0.9999600067185886|0.003999471664428711|10|7016
76|34|as?GOOA?H@A?@@?@?A??@??G@????G??H???G_?G??D?@?O??S@??E?A???A???B?O_?G??@???AO?G?_??GC?@?????A?W|0.9800769361280418|0.6213202476501465|8|9|105767|0.999966005608833|0.004996538162231445|10|6000
77|38|es?GOOACHB???@?@C?a???OC?@O??G?_C??AO????C???O?@???@??@_O??O??@?????C?@??O??O@????W????W?????Ag?@A?A???A@????G?@C???@?_|0.9802670775596135|0.20523738861083984|8|9|41266|0.9999620063437017|0.0029997825622558594|9|4656
78|40|gs?GOOO?GD?A?@?@G_A????G??G??WI????P?C???Q?_?OAK??????@_??C???_???O?C????OA??????G?C????AG????O???B????O?B??_?@G?_????????D?G????HA|0.9996584744313813|0.07505369186401367|7|8|18893|0.9999600067176189|0.002996683120727539|9|4296
79|34|at?GOP?O?@?bCA????G?A?_OC???????C??A??A`?C_??C???G???@D??A_?F??????W???@??A??@????KC?O?AC???GB?|0.9998583481099385|0.009204626083374023|6|7|2056|0.9999660056068934|0.0020084381103515625|8|1976
80|22|UsOGO?`?OAi?G?@??_??Q?CWQA??C_C?C?C@?GGG|0.9999765877503426|0.003996610641479492|5|5|818|0.9999780034963163|0.0010082721710205078|7|1192
81|34|at?GOW_?G@_A???__GO?C?????G?GO??O??CO?D??G??_C?C??a?_??????G???I???A???@?G??_@O?A@@???@?SOA?G??|0.9999602167774456|0.006096363067626953|5|6|1363|0.9999660056049533|0.002986907958984375|7|1448
82|46|ms?GOO??G@?CH?@?_A??_S????GC??C????@???G??`???OG??_?AG?????G???H????C????????gI????G@???C????A??G???_G???A???OAA???????@G???G??G??A??????S???O`??_@?C?????_???O?C?G??@??@??H??|0.9702704535638434|1.4040164947509766|9|10|269514|0.9999540078623925|0.004998207092285156|10|7304
83|40|gs?GOOA?G@?a@?G???G?aO@@?????P???A?A??C????_?OA?A?A????_??O??????O??C??C?O_O??_A???WO?@?????PG??@GO???O??C???GW??????@??C???G???A?B|0.9888760568958965|1.023709774017334|9|10|197487|0.9999600067166489|0.004996538162231445|10|9744
84|28|[s?GOO@?G`??G@?@?O_?C??S?@??_W?_h???W??Gg???_?@?O?@????_O?CG?P?A|0.9999663397182608|0.0068285465240478516|6|6|1357|0.9999720045331255|0.003998756408691406|7|1416
85|38|esGIO?@?OA???@?@?C_?c??C???G?G??G??CO?????@???B???A???C??OG??_@@?_?o????D?GA?C??@OC?_@????G???G_?O???????aCA???@?A??OA?|0.9995655834660676|0.2213895320892334|8|9|49059|0.9999620063446713|0.004006385803222656|10|6880
86|34|a{?GOO??G@?CH_?@??G?qO???CGC?OG@?@?C??G???@A??@???A???`?G?G????@???CC???@G???c_?_?C?OG???????@W|0.9999644187244581|0.054532766342163086|7|8|10810|0.9999660056078632|0.0030012130737304688|9|3432
87|48|os@GOO??G@?SOo@?????@?@G??_?????C?OA???_?O????@??CA???K????GA?_?C??O???H??????????GC??C?AG??@?_????a????C?C????@?????@?A????????@G???????C?@???G???GC??G?O?_?@?_?????g?????G_??????AO_?G?@?G?|0.9992646182944767|1.251936674118042|8|9|121382|0.9999520082542442|0.013975381851196289|10|8384
88|50|qs?GOOS?G??@?A?AGAA?_?????WA?O??O@?????G??B??GA?@?@?????o??G??GA????O?????????G????G????CC??C??C@??@?????A????_@????C@???@@O?????D?????A?C????@?G??A???G?E??????A???@@?@?????@????A??C??????A???_??_C???????b?|0.999549641055118|1.6536638736724854|8|10|290531|0.9999500086471848|0.009116649627685547|10|6632
89|44|ks?GOO?GGD?C?A??_?O????C??O?A_A????@O??O?_???_????@@??@?_?????@?????CO???Q???_????DCO????G????G?G??H???PC????G?C????a???C???W??W?O????AO???@C???GA?O????C@????C|0.9897686698562915|0.81172776222229|8|10|124798|0.9999560074774491|0.002000093460083008|10|6800
90|46|msP?OO??G@?C???C_?O?K???O?G??O?GO?O????G???_??A??W?G???C@?_?????????C???CO????_A???O???AGC????O???AG_O??GO???_???_?_?G?@?@??O????CC@O???????????G?@AG???G??O?????O_??C??????DO|0.9799651419213192|0.7669656276702881|9|9|162462|0.9999540078643322|0.007141590118408203|11|12104
91|20|Ss@GOOQ?I????D@@??g?S?QGQO@A?@??c|0.9999765801836793|0.0029990673065185547|5|7|693|0.9999800031574176|0.0019989013671875|7|1128
92|38|es?GoO??G@?C?_G?__O????C@?O??_?_?O?@G??OAAO???A?C?`??A@??_???G?@????G??C?A???A?????K?GA?O?A????G?@?O?????a?????TO?G?A??|0.9998593658078216|0.08707118034362793|7|8|17944|0.9999620063427315|0.006997346878051758|9|4008
93|36|csP??CA?`A_GCC??_?_?@??G?????G??G??CG?A?@??_??K???@?G?A?_@??_A?@???__?D?A???_A?O???C??O?@A???A?G?C?@???K?A|0.9999602787268107|0.0771646499633789|7|7|4411|0.9999640059737832|0.0019996166229248047|8|2728
94|44|ks?GOP??G@??C@?@??_A?O?C??OG??G??a?????W_?????@?A?A??_?????G???A???C???A????C?_C@????O??a?CGO?????G?C???__????C???A???_G???@O?AG????AO???C????d?????COO???G?OA?|0.9898599170838216|4.9550886154174805|9|10|761160|0.999956007477449|0.013109922409057617|10|13696
95|36|cs?GOP??GDG??@?@C???@??W?GO?CG?????PC??O??A???C@C_?C??A?G??gA?O?????C_P??????O?????SC???I?_???O???G?_??Q?@|0.9998624850459439|0.20238327980041504|8|8|46895|0.9999640059747527|0.0030379295349121094|9|4264
96|44|ksGGOGC??__A?E????H?A??O?????G??G??CO_?????g??????@??G@?CC???C?@?_A?????GO??S?GA??O?@???????O_??G?C@????@??G???P?????@??A?GA??GC??????O?GC?????@?_?@???G??@??AG|0.9999522425083045|0.9219150543212891|9|10|194752|0.999956007476479|0.0029976367950439453|10|9864
97|36|cuCGO?@?OAc??@?@?O?@P??G?????G??W??CG????AC_??AO?O????@_?O???C?@????GCO???G??A???A?WA?G?????G?g???Go?C?S??|0.9999582613001898|0.011077880859375|6|7|2603|0.9999640059718431|0.0039975643157958984|8|2408
98|36|cs?GqO??G@_C????_?OCC??C??g??O?_????G??G?A@?_?C??@?G??A???OGI???C???_????G???H??O??c??B?CO?O?_??G?_G??cG??|0.9797851809086183|0.327880859375|8|9|68472|0.9999640059737828|0.003981113433837891|9|4784
99|24|Ws?gWo@?G@?A?@?@??O?B??XA??????_C_?E?A___?aG@@?|0.9998765894710825|0.004009246826171875|6|6|1107|0.999976003838244|0.0009999275207519531|7|1288
