0|28|0.999572751482712|0.13660788536071777|8|8|27057|0.9999720045350657|0.02603912353515625|9|4104|2509.745568440968
1|32|0.9898797420343335|0.10555624961853027|8|9|23000|0.9999680052469118|0.0026810169219970703|10|4968|39.82596125232979
2|34|0.9996715756872993|0.11566519737243652|8|8|24122|0.999966005608833|0.001996278762817383|9|4296|4262.887960193329
3|32|0.9993677909957517|0.03261423110961914|7|8|7209|0.9999680052449722|0.0009992122650146484|8|2248|1493.0941895711453
4|32|0.9998685799415602|0.047480106353759766|7|8|9638|0.999968005245942|0.0030226707458496094|8|3112|22265.78422698839
5|22|0.9998704842600212|0.0019991397857666016|5|5|429|0.9999780034934164|0.002148866653442383|6|808|15727.953216320197
6|28|0.9997725563357264|0.09991860389709473|7|8|18833|0.9999720045321553|0.003000974655151367|8|2472|6932.354160446418
7|26|0.999972537796662|0.011983633041381836|6|7|2701|0.9999740041841708|0.0019979476928710938|7|1480|47299382.330522396
8|30|0.999865512717073|0.008527040481567383|6|7|1692|0.9999700048870591|0.0029985904693603516|7|1752|19737.368157266366
9|20|0.9897889922084884|0.006528377532958984|6|6|1734|0.9999800031593576|0.003988981246948242|8|1424|35.874840458825176
10|50|0.9896598596800034|5.623363971710205|9|10|845760|0.9999500086481545|0.004998683929443359|12|25408|42.7766640562208
11|36|0.9999602889548135|0.010007858276367188|6|6|2389|0.999964005973783|0.003998994827270508|8|2408|10344976.185367513
12|40|0.9800746425416793|0.2636873722076416|8|9|51217|0.9999600067176191|0.00191497802734375|9|5160|18.453781131039207
13|32|0.9999654506775666|0.06792664527893066|7|8|13196|0.9999680052449713|0.0019974708557128906|9|2928|19325776.558021188
14|46|0.9894698368009441|0.5427565574645996|9|9|102666|0.9999540078633625|0.0029973983764648438|11|12072|41.047790920389595
15|36|0.9894790680020559|0.29306817054748535|8|9|58176|0.999964005972813|0.006052494049072266|10|6216|38.95091422174906
16|24|0.999973538408465|0.0029981136322021484|5|5|801|0.9999760038372741|0.0019829273223876953|7|1256|15673995.161915196
17|20|0.9998806698612122|0.004995822906494141|6|6|643|0.9999800031583874|0.0008618831634521484|7|1064|16871.146674011296
18|22|0.9998756436940116|0.006029605865478516|6|6|1498|0.9999780034963167|0.002001523971557617|7|1320|16985.983846248357
19|48|0.9696055833168883|24.86452031135559|10|11|4133361|0.9999520082532737|0.004001140594482422|14|54064|11.555861803961287
20|28|0.9900767862185504|0.013670682907104492|6|7|3152|0.9999720045350656|0.0018367767333984375|8|2152|39.672359794150125
21|24|0.9995768188396158|0.015994548797607422|7|7|3544|0.9999760038382441|0.002997875213623047|8|1832|2355.3289646064422
22|32|0.9801740892224048|0.14267802238464355|8|8|31747|0.999968005246912|0.0029976367950439453|9|4392|17.804249448133298
23|28|0.9998705147109294|0.043146610260009766|7|8|7131|0.9999720045331255|0.0017473697662353516|9|3016|19834.703490586147
24|46|0.990053723331177|1.8951053619384766|9|11|348823|0.999954007861422|0.005999088287353516|10|11688|44.02304750866696
25|50|0.9997502111684715|10.287588596343994|10|11|1652984|0.9999500086452445|0.007244586944580078|13|43880|9503.933996399532
26|30|0.9996785243535415|0.09497308731079102|7|8|16337|0.9999700048880193|0.001999378204345703|8|3144|4076.923639922164
27|42|0.9996544289220833|0.23522257804870605|8|8|50415|0.9999580070935947|0.0019960403442382812|9|5416|4520.660942952906
28|44|0.9900729414539962|0.2517695426940918|8|9|49205|0.9999560074774495|0.0029964447021484375|9|5032|43.68678348926194
29|48|0.9999512602335735|4.705083131790161|10|11|687903|0.9999520082542439|0.006995201110839844|13|31784|331136797.72947633
30|20|0.9998806600845523|0.009647846221923828|6|6|977|0.9999800031583878|0.004998445510864258|7|1032|16868.558508311522
31|50|0.989948751326638|1.8328938484191895|9|11|319744|0.9999500086452445|0.002684354782104492|12|19584|44.295295730920984
32|46|0.9699803945688675|0.9372775554656982|9|9|136734|0.9999540078633625|0.006008148193359375|10|6696|11.636480989949062
33|40|0.9896658573656931|0.5791535377502441|8|9|104790|0.999960006718589|0.006224155426025391|10|8736|40.72308342056494
34|30|0.9894819591033698|0.14411568641662598|8|8|24487|0.9999700048870492|0.0020203590393066406|9|3912|37.50910691183946
35|38|0.9999593199026986|0.16377592086791992|7|9|22114|0.9999620063437016|0.002003192901611328|9|4104|20691261.847134657
36|48|0.999758219352659|8.879804134368896|11|12|1039489|0.9999520082532741|0.001981496810913086|14|53760|9739.35588485581
37|32|0.9797831316697639|0.0740666389465332|8|8|11098|0.9999680052459419|0.003996372222900391|9|3400|17.396973571195055
38|44|0.9997583067529764|0.2727334499359131|8|9|51057|0.9999560074764794|0.004996538162231445|10|6192|8970.969044729267
39|44|0.9800632439795386|0.38057827949523926|7|9|61278|0.9999560074784192|0.002997159957885742|9|4328|18.783199565780272
40|48|0.9896579426288377|1.8153042793273926|9|10|289069|0.999952008252304|0.003997087478637695|12|14760|42.37044207926448
41|42|0.9996644191793126|0.22370123863220215|8|9|51131|0.9999580070955345|0.0020117759704589844|9|7176|4754.728942888148
42|24|0.9999724375365138|0.0019922256469726562|5|5|600|0.9999760038382444|0.0009987354278564453|7|1104|7597352.8555418905
43|46|0.9996492986221125|0.4678375720977783|8|9|74769|0.9999540078604523|0.003997087478637695|10|6376|4709.7094846449445
44|50|0.979284976846781|14.329191207885742|10|11|2374475|0.9999500086471845|0.003000020980834961|13|28808|18.39655394343521
45|44|0.9998533455907908|3.566771984100342|9|10|582482|0.9999560074774486|0.0029973983764648438|10|8712|25979.39416866693
46|32|0.9896769296704233|0.03625988960266113|7|8|8000|0.999968005246912|0.0029985904693603516|8|2984|38.8812844814547
47|48|0.9890684354349644|2.9481923580169678|9|11|492420|0.9999520082523043|0.0060040950775146484|10|10192|39.58441771027559
48|24|0.9802828111910629|0.026364803314208984|7|7|5941|0.9999760038392143|0.0029976367950439453|8|1800|17.021030351021647
49|42|0.9999521827537824|0.05027270317077637|7|8|12055|0.9999580070935945|0.003999233245849609|9|4128|4969569.625348526
50|40|0.9799631655439294|0.05412554740905762|7|9|14357|0.9999600067166494|0.002984285354614258|9|3888|18.33137142465812
51|46|0.9996523667834711|0.6585326194763184|8|9|134677|0.9999540078623924|0.006995677947998047|10|7464|4782.665725281122
52|26|0.9799832140014666|0.0523984432220459|7|7|9079|0.9999740041851406|0.00299835205078125|9|3368|16.9580931763176
53|42|0.9997574290868935|0.30019378662109375|8|9|68653|0.9999580070965044|0.0039825439453125|10|7248|8540.81716622346
54|42|0.999955291356194|0.4029805660247803|8|9|80293|0.9999580070945645|0.0029993057250976562|10|6544|22335335.60576222
55|42|0.9799672596520053|0.11400866508483887|8|8|26332|0.999958007095535|0.004997730255126953|9|3912|18.508202722707413
56|36|0.9895720367683268|0.8869867324829102|8|9|164427|0.9999640059747529|0.003981590270996094|10|7752|39.37288107209285
57|36|0.9899668549191023|0.48128533363342285|8|9|112368|0.999964005973783|0.004223823547363281|10|7632|41.263299036489514
58|34|0.9798781890425873|0.43998241424560547|8|9|74174|0.999966005608833|0.0019762516021728516|10|5640|17.69065179101217
59|44|0.9896679510510945|2.3287241458892822|9|10|455790|0.9999560074784191|0.0049974918365478516|11|11912|41.598469973954245
60|20|0.9999786390839701|0.008981466293334961|6|7|2071|0.9999800031583874|0.0019943714141845703|7|1064|42206441.72441478
61|28|0.9702803424173108|0.02056574821472168|6|7|5282|0.9999720045340958|0.004009246826171875|8|2248|10.799887461623772
62|50|0.9995503997450377|1.124152660369873|9|10|245729|0.9999500086481548|0.004997730255126953|10|7880|3266.0348812454567
63|48|0.98926729429775|2.4560670852661133|9|10|429767|0.9999520082542441|0.0037920475006103516|13|26672|40.485490272468724
64|42|0.9899627943364482|0.6019570827484131|8|10|85844|0.9999580070955347|0.003997325897216797|9|4328|42.654837747765974
65|30|0.9997725536014892|0.06273412704467773|6|7|3588|0.9999700048880196|0.007999897003173828|8|2448|7292.649629497481
66|44|0.9993656303720876|1.5671582221984863|9|10|261245|0.9999560074774487|0.005995750427246094|10|9320|1741.659940174147
67|24|0.9999735185663906|0.009937286376953125|6|7|1981|0.999976003838244|0.001996278762817383|7|1288|15428684.445789201
68|32|0.989677793980137|0.01606464385986328|6|7|3261|0.999968005244972|0.0017821788787841797|8|2096|38.885222501771246
69|38|0.9995705276500548|0.08202719688415527|7|8|14323|0.999962006344672|0.0019981861114501953|8|3152|2954.034849738178
70|30|0.9997724924438015|0.01298666000366211|6|7|2766|0.9999700048870496|0.0019996166229248047|7|1704|7289.219854245528
71|50|0.9896570937314446|4.519153356552124|9|11|761373|0.9999500086462144|0.003206014633178711|10|10720|42.76258975611646
72|26|0.999971530074111|0.010644912719726562|6|7|2686|0.9999740041832005|0.0009989738464355469|8|2024|16821286.183898907
73|30|0.9998645056130419|0.01541447639465332|6|7|3325|0.9999700048860889|0.0030128955841064453|8|2016|19434.777765371604
74|38|0.9999593403567919|0.4098505973815918|8|9|80602|0.9999620063427319|0.004996776580810547|9|4552|21006390.29753123
75|40|0.9899638446702469|1.0224111080169678|9|9|199714|0.9999600067185886|0.003999471664428711|10|7016|42.2031194852175
76|34|0.9800769361280418|0.6213202476501465|8|9|105767|0.999966005608833|0.004996538162231445|10|6000|17.900341257524197
77|38|0.9802670775596135|0.20523738861083984|8|9|41266|0.9999620063437017|0.0029997825622558594|9|4656|18.48716837573769
78|40|0.9996584744313813|0.07505369186401367|7|8|18893|0.9999600067176189|0.002996683120727539|9|4296|4456.052519795517
79|34|0.9998583481099385|0.009204626083374023|6|7|2056|0.9999660056068934|0.0020084381103515625|8|1976|20320.469120436497
80|22|0.9999765877503426|0.003996610641479492|5|5|818|0.9999780034963163|0.0010082721710205078|7|1192|43046849.000598155
81|34|0.9999602167774456|0.006096363067626953|5|6|1363|0.9999660056049533|0.002986907958984375|7|1448|4111663.5670921984
82|46|0.9702704535638434|1.4040164947509766|9|10|269514|0.9999540078623925|0.004998207092285156|10|7304|11.771086447095135
83|40|0.9888760568958965|1.023709774017334|9|10|197487|0.9999600067166489|0.004996538162231445|10|9744|37.22991823764975
84|28|0.9999663397182608|0.0068285465240478516|6|6|1357|0.9999720045331255|0.003998756408691406|7|1416|3569822.8116800827
85|38|0.9995655834660676|0.2213895320892334|8|9|49059|0.9999620063446713|0.004006385803222656|10|6880|2900.407359930826
86|34|0.9999644187244581|0.054532766342163086|7|8|10810|0.9999660056078632|0.0030012130737304688|9|3432|52650387.84134833
87|48|0.9992646182944767|1.251936674118042|8|9|121382|0.9999520082542442|0.013975381851196289|10|8384|1454.9592335600355
88|50|0.999549641055118|1.6536638736724854|8|10|290531|0.9999500086471848|0.009116649627685547|10|6632|3256.799845348048
89|44|0.9897686698562915|0.81172776222229|8|10|124798|0.9999560074774491|0.002000093460083008|10|6800|42.1003512203844
90|46|0.9799651419213192|0.7669656276702881|9|9|162462|0.9999540078643322|0.007141590118408203|11|12104|18.83595469745066
91|20|0.9999765801836793|0.0029990673065185547|5|7|693|0.9999800031574176|0.0019989013671875|7|1128|6919389.531118616
92|38|0.9998593658078216|0.08707118034362793|7|8|17944|0.9999620063427315|0.006997346878051758|9|4008|23587.937300435126
93|36|0.9999602787268107|0.0771646499633789|7|7|4411|0.9999640059737832|0.0019996166229248047|8|2728|10289190.664373634
94|44|0.9898599170838216|4.9550886154174805|9|10|761160|0.999956007477449|0.013109922409057617|10|13696|42.56479089019775
95|36|0.9998624850459439|0.20238327980041504|8|8|46895|0.9999640059747527|0.0030379295349121094|9|4264|23192.62969086612
96|44|0.9999522425083045|0.9219150543212891|9|10|194752|0.999956007476479|0.0029976367950439453|10|9864|12255511.512061773
97|36|0.9999582613001898|0.011077880859375|6|7|2603|0.9999640059718431|0.0039975643157958984|8|2408|4406509.283374266
98|36|0.9797851809086183|0.327880859375|8|9|68472|0.9999640059737828|0.003981113433837891|9|4784|17.781995159320182
99|24|0.9998765894710825|0.004009246826171875|6|6|1107|0.999976003838244|0.0009999275207519531|7|1288|18701.838512099555
